1 2 2
2 3 2
3 4 2
4 5 2
5 6 1
6 7 4
7 8 1
8 9 4
9 10 2
10 11 2
11 12 2
12 13 1
13 14 1
14 15 1
15 16 2
16 17 4
17 18 5
18 19 1
19 20 5
20 21 4
21 22 4
22 23 6
23 24 4
24 25 5
25 26 4
26 27 4
27 28 4
28 29 3
29 30 3
30 31 3
31 32 4
32 33 10
33 34 6
34 35 4
35 36 5
36 37 5
37 38 4
38 39 4
39 40 7
40 41 9
42 43 1
43 44 1
44 45 1
45 46 1
46 47 1
47 48 1
48 49 1
49 50 1
50 51 1
51 52 1
52 53 1
53 54 2
54 55 1
55 56 2
56 57 4
57 58 1
58 59 1
59 60 3
60 61 3
61 62 3
9 63 2
63 64 1
64 65 6
65 66 4
9 67 2
67 68 1
68 69 1
69 70 1
70 71 1
71 72 1
72 73 1
73 74 1
74 75 1
75 76 1
76 77 1
77 78 1
78 79 1
79 80 1
80 81 1
81 82 1
82 83 1
75 84 1
84 85 1
85 86 1
86 87 1
13 88 1
88 89 1
89 90 1
90 91 1
91 92 1
92 93 1
93 94 1
94 95 2
95 86 2
86 96 3
96 97 3
97 98 2
98 99 3
99 100 2
100 101 3
101 102 1
102 103 2
103 104 3
104 105 1
105 106 5
106 107 1
107 108 2
108 109 2
109 110 2
110 111 2
111 112 4
112 113 2
113 114 2
114 115 2
115 116 2
116 117 4
117 118 3
118 119 3
119 120 5
120 121 2
121 122 4
122 123 4
123 124 3
13 125 1
125 126 2
126 127 1
127 128 1
128 129 1
129 130 1
130 131 1
131 132 1
132 133 1
133 134 1
134 135 1
135 136 1
136 137 2
137 138 1
138 139 1
19 140 1
140 141 1
141 142 1
142 143 4
143 144 2
144 145 1
145 146 2
146 147 1
146 148 4
148 149 2
149 150 2
150 151 2
141 152 1
152 153 1
153 154 2
154 155 1
155 156 1
156 157 1
157 158 1
158 159 1
19 160 1
160 161 1
161 162 2
162 163 1
163 164 1
164 20 2
20 165 1
165 166 1
166 167 1
167 168 1
168 169 1
168 170 1
170 171 1
171 172 1
172 173 1
173 174 0
174 175 2
175 176 1
176 177 2
177 178 1
178 179 1
179 180 0
180 181 2
181 182 1
21 183 0
183 184 1
184 185 1
185 186 1
186 187 0
187 188 3
188 189 1
189 190 1
190 191 1
191 192 1
192 193 1
193 194 1
194 195 1
195 196 2
196 197 1
197 198 1
198 199 1
200 201 4
201 202 4
202 203 4
203 204 3
204 205 6
205 206 2
206 207 3
207 22 3
25 208 2
208 209 3
209 210 3
210 211 2
211 212 1
212 213 1
213 214 3
214 215 3
215 216 2
216 217 5
217 218 3
218 219 5
219 220 5
220 221 2
221 222 1
222 223 2
223 224 2
225 226 3
226 227 3
25 228 2
228 229 2
229 230 3
230 225 5
225 231 2
231 232 5
233 234 2
234 235 1
235 236 1
236 237 2
237 238 2
41 239 7
239 40 3
40 240 7
240 241 4
241 242 5
242 243 6
243 244 4
244 245 4
245 233 6
41 246 1
246 247 3
247 248 4
248 249 3
249 250 2
250 251 3
251 252 2
252 253 1
253 254 2
254 255 5
255 256 2
256 257 2
257 258 2
258 259 2
259 260 3
260 261 2
261 262 3
262 263 2
263 264 3
264 265 15
265 266 6
266 267 3
267 268 4
267 269 2
269 270 5
270 271 4
271 272 4
272 273 2
273 274 2
274 275 2
275 276 3
276 277 2
277 278 2
278 279 1
41 280 22
280 281 3
281 282 8
282 283 4
284 285 5
286 285 6
285 287 2
287 288 2
288 289 0
289 290 1
290 291 1
291 292 2
292 293 1
293 294 2
294 295 1
295 296 1
296 297 2
297 298 2
298 299 0
299 300 1
300 301 4
301 302 1
302 303 3
303 304 4
304 305 3
305 306 3
306 307 3
307 308 2
308 309 2
309 310 2
310 311 3
311 312 1
312 313 1
313 314 2
314 315 4
315 1 4
316 317 13
317 318 6
318 319 2
319 320 3
320 321 2
321 322 2
322 323 1
323 285 5
301 324 1
324 325 1
325 326 2
326 327 2
327 328 2
328 329 1
329 330 1
330 331 1
331 332 1
332 333 2
333 334 2
334 335 3
335 336 2
336 337 3
337 338 2
338 339 4
340 341 2
341 342 2
342 343 2
343 344 2
344 345 2
345 346 2
346 347 1
311 348 1
348 349 1
349 350 1
350 351 2
351 352 1
352 353 2
353 354 2
354 355 2
355 356 1
356 340 2
340 357 3
357 358 2
358 359 4
360 361 2
361 362 7
362 363 2
363 364 6
364 365 5
365 366 9
366 367 3
367 368 4
368 315 2
361 369 8
369 370 1
370 371 2
371 372 3
372 373 3
373 374 2
374 375 2
375 376 2
376 377 1
377 378 0
378 379 2
366 380 7
380 381 4
381 382 3
382 383 2
383 384 3
384 385 6
385 386 4
386 387 5
387 388 3
388 389 4
389 390 3
390 391 4
391 392 4
392 393 1
393 394 3
394 395 2
395 396 3
396 397 4
397 398 4
398 399 2
399 400 2
400 401 2
401 402 4
402 403 2
403 404 4
404 405 5
406 407 1
407 408 1
408 382 3
409 410 4
410 411 4
411 412 3
412 413 3
413 414 3
414 415 3
415 416 1
416 417 1
417 385 2
418 395 2
393 419 1
419 420 2
421 422 3
422 423 4
423 424 10
424 425 12
394 426 4
426 427 5
427 428 5
428 421 4
421 429 2
429 430 2
430 431 2
431 432 3
432 433 3
434 435 1
435 436 1
436 437 1
437 438 2
438 439 1
439 440 2
440 441 2
441 442 3
442 443 3
443 444 2
444 445 1
446 447 0
447 448 0
448 449 3
449 450 2
450 451 1
451 445 1
445 452 5
452 453 5
453 454 3
454 455 3
455 456 4
456 457 6
457 458 1
458 459 1
459 396 1
460 461 2
461 462 2
462 448 1
445 463 9
463 464 4
464 465 3
465 466 2
466 467 3
467 468 1
468 469 3
469 470 3
470 471 2
471 472 4
472 473 2
473 474 3
474 405 5
475 476 6
476 477 3
477 478 2
478 479 2
479 480 2
480 481 3
481 471 7
405 482 4
482 483 6
483 484 2
484 485 3
485 475 10
475 486 6
486 487 5
487 488 16
488 489 3
489 490 5
490 491 2
491 492 2
492 493 2
493 494 3
494 495 2
495 496 3
445 497 1
497 498 2
498 499 2
499 500 1
500 501 1
501 502 1
502 503 1
503 504 2
504 505 2
505 506 1
506 507 2
507 508 2
508 509 1
509 510 3
510 511 2
511 512 5
512 513 6
513 514 3
514 515 11
515 516 8
507 517 7
517 518 1
518 519 2
519 520 4
520 521 3
521 522 1
522 523 1
523 524 1
524 525 21
525 481 12
526 527 6
527 528 6
528 529 4
530 531 1
531 532 2
532 533 2
533 534 2
534 535 2
535 526 3
526 536 5
536 537 6
537 516 5
516 538 3
538 539 4
539 540 2
540 487 3
1 541 2
541 542 2
542 543 2
543 544 3
544 66 4
66 545 2
545 546 6
546 547 4
547 548 6
548 549 5
549 550 5
550 551 5
551 552 4
552 553 3
553 554 3
554 555 2
555 556 3
556 557 1
557 558 4
546 559 3
559 560 3
560 561 5
561 562 5
562 563 2
563 564 5
564 565 4
565 566 3
566 567 3
567 568 5
385 569 4
569 570 5
570 571 4
571 572 6
572 573 5
573 568 4
568 574 2
574 575 2
575 576 3
576 577 5
577 578 4
578 558 4
579 580 2
580 581 1
581 582 2
582 583 1
583 584 1
579 585 3
585 586 2
586 587 3
587 588 2
588 589 2
589 590 3
590 550 3
591 592 4
592 593 1
593 594 1
594 595 2
396 596 4
596 597 4
597 598 2
598 599 3
599 600 4
600 601 5
601 593 3
595 602 2
602 603 4
603 604 5
604 605 3
605 606 4
606 607 2
607 558 3
546 608 2
608 609 1
609 610 1
610 611 1
611 612 1
612 613 2
613 614 3
614 615 4
615 616 2
616 617 2
617 618 4
618 619 1
619 620 1
620 621 2
621 622 2
622 579 2
579 623 2
623 624 2
624 625 2
625 626 2
626 627 1
627 628 3
628 629 2
629 630 2
630 631 2
631 102 3
405 632 1
632 633 1
633 634 1
634 635 1
635 636 2
636 637 1
637 638 2
638 639 2
639 640 2
640 641 2
641 642 1
642 643 2
643 644 2
644 645 3
645 646 4
646 600 1
591 647 2
647 648 1
648 649 4
649 650 3
650 651 1
651 652 5
652 653 3
653 654 3
654 655 3
656 657 1
657 658 2
658 659 2
659 660 1
660 661 1
661 662 1
662 663 1
663 664 1
664 665 1
665 666 1
666 667 1
667 668 1
668 669 2
670 671 2
671 672 3
672 663 3
663 673 5
673 674 3
674 675 4
675 676 2
676 677 3
677 678 9
678 679 4
679 680 2
680 681 5
681 682 3
682 683 2
683 684 2
684 685 1
685 686 4
686 40 43
687 688 3
688 689 2
689 690 2
690 691 2
558 692 6
692 693 3
693 694 2
694 695 3
695 691 4
691 696 3
696 697 1
697 698 1
698 699 2
699 700 2
700 701 1
701 670 3
702 703 5
703 704 4
704 705 3
705 706 2
706 707 3
707 708 2
708 709 3
709 710 1
710 711 6
711 670 1
663 712 5
712 713 4
713 714 3
714 715 4
715 716 3
716 717 3
717 718 4
718 719 3
405 720 3
720 721 3
721 653 2
652 722 4
722 723 5
723 724 6
724 725 3
725 671 9
711 726 1
726 727 2
727 728 1
728 729 1
729 730 1
730 731 1
731 732 2
732 733 3
733 734 3
734 735 3
735 736 2
736 737 3
737 738 2
738 678 4
739 740 1
740 741 3
741 742 2
742 743 5
743 744 3
744 745 3
745 746 2
746 747 3
748 749 5
749 750 2
750 719 5
751 752 2
752 753 0
753 754 2
754 755 1
757 758 2
758 759 2
759 760 4
760 761 0
762 763 3
763 764 3
764 765 1
765 766 2
766 767 1
767 670 4
725 768 4
768 769 2
769 770 3
770 771 3
771 739 3
739 772 1
772 773 2
773 774 4
774 775 3
775 748 3
748 776 2
776 751 3
751 777 1
777 778 1
778 756 3
568 779 2
779 780 3
780 781 2
781 782 3
782 783 4
783 595 4
594 592 2
600 784 4
784 591 5
591 785 5
785 786 2
786 787 3
787 762 4
766 670 5
788 789 4
789 790 2
790 791 1
791 792 1
792 793 2
793 794 1
794 795 2
795 796 2
796 797 1
797 669 1
789 798 2
798 725 1
725 799 2
799 800 1
800 801 0
801 802 1
802 803 2
803 804 4
804 805 1
805 806 1
806 807 2
807 808 2
808 809 3
809 810 2
810 811 1
811 812 2
812 813 1
813 747 2
788 814 3
814 815 1
815 789 1
789 816 1
816 817 1
681 818 3
818 819 10
819 820 5
820 821 3
821 822 3
822 823 4
823 824 5
824 825 4
825 826 2
826 827 2
827 828 3
828 829 2
829 830 2
830 831 2
831 832 8
824 833 4
833 834 3
834 835 2
835 836 3
836 837 1
837 838 2
838 839 2
839 830 4
825 840 2
840 841 2
841 842 2
823 843 3
843 844 2
118 845 5
845 846 4
846 847 5
847 848 5
848 849 4
849 850 3
850 851 3
851 852 3
852 853 4
853 854 3
854 855 3
855 856 5
856 857 1
857 858 1
858 859 1
859 681 3
686 860 2
860 861 4
861 862 5
862 863 4
863 864 5
864 865 8
865 866 9
866 867 5
867 868 3
868 869 4
869 870 2
870 871 2
871 872 2
872 873 3
873 41 4
774 874 3
874 875 6
875 876 2
876 877 4
877 878 3
878 714 6
714 879 1
879 880 5
880 881 3
881 882 4
882 883 1
883 884 2
884 885 1
885 678 2
484 886 3
886 887 2
887 888 2
888 889 3
889 890 3
890 747 1
747 891 4
891 892 3
892 893 3
893 894 6
894 895 2
895 896 5
896 897 2
897 898 4
898 899 2
899 900 3
900 901 1
475 902 4
902 903 1
903 904 1
904 905 2
905 906 1
906 907 4
907 908 2
908 909 2
909 910 3
910 890 1
911 912 1
912 913 1
913 895 3
747 914 2
914 915 2
915 916 1
916 917 2
917 918 1
918 919 4
919 920 3
920 921 3
921 922 2
922 923 1
923 894 1
894 924 2
924 925 1
925 926 1
926 927 5
927 928 3
928 929 1
929 930 1
930 931 1
931 932 1
931 933 2
933 934 2
934 935 2
935 936 1
937 938 4
938 939 4
939 940 2
940 941 4
941 942 8
942 943 4
943 944 5
944 719 6
932 945 2
945 946 2
946 947 1
947 948 2
948 949 2
949 950 1
950 951 2
951 761 4
761 952 4
952 953 2
953 954 2
954 955 4
955 956 3
956 957 5
957 958 2
958 959 2
959 937 3
937 960 2
960 961 4
961 962 3
962 963 6
963 964 15
670 965 13
747 967 3
967 968 3
968 969 5
969 966 1
970 901 6
965 971 1
971 671 1
769 971 1
971 770 2
770 972 2
972 771 1
739 973 6
973 974 5
974 975 6
975 932 7
932 976 5
976 977 2
977 978 3
978 970 3
970 979 3
979 901 4
964 980 3
980 981 1
981 982 3
982 983 1
983 984 4
984 985 2
985 986 6
986 987 3
987 988 3
988 989 3
989 990 4
990 991 6
991 992 6
992 993 8
993 994 5
994 995 2
995 996 5
996 997 2
997 998 3
998 999 3
999 1000 3
1000 1001 3
1001 822 3
984 1002 1
1002 1003 2
993 1004 2
1004 1005 1
1005 1006 1
1006 1007 1
996 1008 3
1008 1009 3
983 1010 3
1010 1011 4
1011 1012 1
1012 1013 1
1013 1014 3
1014 1015 2
1015 1016 2
1016 1017 2
1017 1018 3
1018 1019 4
1019 1020 2
1020 1021 3
496 1022 5
1022 1023 3
1023 1024 4
1024 1025 2
1025 1026 3
1026 1027 2
1027 1028 2
1028 1029 3
1029 1030 4
1030 901 14
1031 1032 3
1032 1033 1
1033 1034 2
1034 1035 1
1035 1036 1
1036 1037 1
1037 1038 1
1038 1039 1
1039 1040 1
1040 1041 0
1041 1042 1
496 1043 5
1043 1044 5
1044 1037 2
1031 1045 4
1045 1046 2
1046 1047 1
1047 1048 2
1048 1049 2
1049 1050 3
1051 1052 1
1052 1053 1
1053 1054 1
1054 1055 1
1055 1056 2
1056 1057 1
1057 1058 1
1058 1059 2
1059 1060 2
1060 1061 2
1061 1062 2
1062 1025 2
1028 1063 3
1063 1064 1
1064 1065 2
1065 1066 2
1066 1067 2
1067 1068 5
1068 901 6
1069 1070 2
1070 1071 2
1071 1072 3
1072 1073 1
1073 1074 1
1074 1075 1
1075 1076 1
1076 1077 1
1077 1078 3
1078 1079 2
1079 1080 2
1080 1081 2
1081 1082 2
1082 1083 2
1083 1084 1
1084 1085 1
1085 1086 2
1086 1087 3
1077 1088 1
1088 1089 1
1089 1090 1
1090 1091 2
1092 1093 3
1093 1094 2
1094 1095 0
1095 1074 2
1076 1096 10
1096 1097 13
1098 1093 1
1093 1099 1
1099 1094 1
1095 1100 1
1100 1074 1
1074 1101 1
1101 1102 0
1102 1088 1
1088 1103 1
1103 1104 0
1104 1074 1
979 1105 5
1105 1106 3
1106 1107 3
1107 1108 3
1108 1109 3
1109 1110 4
1110 1111 4
1111 1112 2
1112 1113 2
1113 1114 3
1114 1115 5
1115 1116 6
1116 1117 2
1117 1118 2
1118 1119 1
1119 964 5
1120 1121 2
1121 1122 2
1105 1123 2
1123 1124 3
1124 1125 2
1125 1126 3
1126 1127 1
1127 1128 3
1128 1120 3
1120 1129 7
1129 1130 4
1131 1132 3
1132 1133 1
1133 1134 4
1135 1136 12
1136 1137 2
1137 1138 2
1138 1139 3
1139 1140 7
1140 1141 2
1141 1142 2
1142 1143 3
1143 1144 1
1144 1145 1
1145 1146 1
1146 1147 7
1147 1148 6
964 1149 9
1149 1150 3
1150 1151 2
1151 1152 3
1152 1153 2
1153 1134 3
1134 1148 9
1148 1154 5
1154 1155 3
1155 1156 4
1156 1157 6
1157 1158 6
1158 1159 3
1159 1160 3
1160 1161 5
1161 1162 5
1162 1163 4
1163 1164 4
1164 1165 4
1165 1166 5
1166 1167 3
1167 268 4
268 1168 16
1168 1169 4
1169 1170 3
1170 1171 5
1171 1172 4
1172 1173 4
1173 1174 3
1174 1175 3
1175 1176 5
1176 1177 4
1177 1178 5
1178 1179 4
1179 1180 2
1180 1181 6
1181 1182 5
1182 1183 4
1183 1184 4
1184 1185 3
1185 1186 11
1186 1187 4
1187 1188 5
1188 1189 2
1189 1190 4
1190 1191 2
1191 1192 4
1192 1193 4
1193 1194 4
1194 1195 4
1195 1196 5
1196 1197 3
1148 1198 1
1198 1199 2
1199 1200 2
1200 1201 2
1201 1202 1
1202 1203 1
1203 1204 1
1205 1206 2
1206 1207 1
1207 1208 1
1208 1209 1
1209 1210 2
1210 1211 1
1211 1203 1
1212 1213 0
1213 1214 0
1214 1215 0
1215 1216 0
1217 1218 1
1218 1219 1
1219 1220 1
1220 1221 1
1221 1222 1
1222 1223 1
1223 1224 1
1224 1225 2
1225 1226 2
1226 1227 2
1227 1228 2
1228 1229 1
1229 1230 0
1230 1231 1
1231 1232 5
1232 1233 2
1233 1234 2
1234 1235 2
1235 1236 1
1236 1237 1
1237 1238 2
1238 1239 1
1239 1240 1
1240 1241 1
1241 1239 2
1239 1242 1
1242 1243 1
1243 1244 1
1244 1245 1
1245 283 2
1197 1246 4
1246 1247 5
1247 1248 4
1248 1249 3
1249 1250 3
1250 1251 4
1251 1252 6
1252 1253 3
1253 1254 2
1254 1255 5
1255 1256 5
1256 1257 3
1257 1258 1
1185 1259 3
1259 1260 2
1260 1261 4
1261 1262 3
1262 1263 1
1263 1217 4
1258 1264 12
1264 1265 4
1265 1266 5
1266 1267 2
1267 1268 3
1268 1269 4
1269 1270 7
1270 1271 6
1271 1272 4
1272 1273 6
1273 1274 4
1274 1275 4
1275 1276 5
1276 1277 3
1277 1278 6
1278 1279 1
1279 1280 7
1280 1281 1
1281 1282 1
1282 1283 1
1283 1284 1
1284 1285 1
1285 1286 1
1286 1287 1
1287 1288 1
1288 1260 1
1289 1290 2
1290 1291 1
1291 1292 1
1292 1293 1
1293 1294 1
1294 1295 1
1295 1296 2
1296 1297 2
1297 1298 1
1298 1299 2
1299 1300 1
1301 1194 10
1194 1302 8
1302 1303 10
1303 1304 8
1122 1305 2
1305 1306 2
1306 1307 2
1307 1308 0
1308 1309 1
1309 1310 0
1310 1311 1
1311 1312 1
1312 1313 1
1313 1314 1
1314 1315 1
1315 1316 1
1316 1317 1
1122 1318 3
1318 1319 2
1319 1320 1
1320 1321 2
1321 1322 1
1322 1323 2
1323 1324 1
1324 1325 1
1325 1326 1
1326 1327 2
1327 1328 2
1328 1329 4
1329 1330 1
1330 1331 1
1331 1332 1
1332 1333 0
1333 1334 1
1334 1335 1
1336 1337 1
1337 1338 4
1338 1339 2
1339 1340 1
1340 1341 3
1341 1342 2
1343 1344 3
1344 1345 2
1345 1346 2
1346 1347 5
1347 1348 4
1348 1349 5
1349 1336 2
1336 1350 1
1350 1351 3
1351 1352 5
1352 1353 1
1353 1354 3
1354 1355 3
1355 1356 2
1356 1135 1
901 1357 4
1357 1358 3
1358 1359 2
1359 1122 5
1122 1343 6
1343 1130 4
1130 1342 4
1339 1351 4
1130 1360 5
1360 1361 2
1361 1362 2
1362 1363 4
1363 1364 2
1364 1365 3
1365 1366 2
1366 1367 1
1367 1368 2
1368 1369 3
1369 1370 1
1370 1371 1
1371 1372 1
1372 1373 2
1373 1374 2
1374 1375 3
1375 1118 7
1347 1376 3
1376 1377 2
1377 1342 3
1342 1378 7
1130 1378 3
1378 1379 3
1379 1380 4
1380 1381 6
1381 1382 4
1382 1383 4
1383 1384 3
1384 1385 4
1385 1386 2
1386 1131 4
1380 1387 2
1387 1388 2
1388 1389 2
1389 1390 2
1380 1391 3
1391 1392 3
1392 1393 4
1393 1394 0
1394 1395 1
1395 1396 1
1396 1397 0
1397 1398 1
1398 1399 1
1399 1400 1
1400 1401 1
1401 1402 2
1402 1403 2
1403 1404 1
1404 1405 2
1405 1406 2
1406 1407 1
1407 1352 1
1143 1408 2
1408 1409 1
1409 1410 1
1410 1411 1
1411 1412 2
1412 1131 3
1131 1413 4
1413 1414 3
1414 1415 1
1415 1416 1
1416 964 9
1417 1418 3
1419 1420 3
1420 1421 3
1421 1422 2
1422 1423 3
1423 1424 1
1424 1425 2
1425 1426 4
1426 1427 3
1427 1417 2
1417 1428 6
1428 1429 4
1429 1430 2
1430 1431 6
1431 1432 6
1432 1148 5
1433 1434 3
1434 1435 1
1435 1426 1
1436 1437 4
1355 1438 4
1438 1439 3
1023 1440 3
1440 1441 5
1441 1442 3
1442 1443 3
1443 1444 4
1444 1436 3
1436 1445 3
1445 1446 1
1446 1447 3
1447 1448 4
1448 1449 2
1449 1450 4
1450 1451 3
1451 1452 3
1452 1453 1
1453 1347 4
1454 1455 2
1455 1456 3
1456 1457 2
1348 1458 3
1458 1459 7
1459 1460 2
1460 1454 2
1454 1461 3
1336 1462 1
1462 1463 2
1463 1464 1
1464 1465 3
1465 1466 4
1466 1467 3
1467 1468 3
1468 1438 1
1438 1356 2
1135 1469 2
1355 1470 4
1470 1471 1
1471 1472 3
1472 1473 5
1473 1474 4
1474 1475 3
1475 1476 4
1476 1477 3
1477 1478 3
1478 1143 4
1135 1479 2
1479 1480 2
1480 1481 1
1481 1482 1
1482 1483 2
1483 1484 1
1484 1485 2
1485 1486 1
1486 1487 2
1487 1488 1
1488 1489 2
1489 1490 3
1479 1491 2
1491 1492 1
1492 1493 1
1493 1494 1
1494 1495 3
1495 1496 2
1496 1497 4
1498 1481 5
1490 1139 4
1355 1498 3
1140 1143 7
1438 1499 3
1499 1135 2
1135 1498 3
1498 1500 1
1500 1501 2
1501 1502 3
1502 1503 2
1503 1136 1
1136 1504 2
1504 1505 2
1505 1506 5
1506 1433 2
1433 1507 4
1507 1508 3
1508 1509 2
1509 1421 1
1421 1510 4
1510 1511 2
1511 1512 4
1512 1513 3
1513 1514 3
1514 1515 4
1515 1516 3
1469 1517 12
1517 1518 2
1518 1519 1
1519 1520 1
1520 1521 2
1521 1522 1
1522 1523 2
1523 1524 3
1524 1525 3
1525 1526 1
1526 1527 3
1527 1528 2
1528 1529 2
1529 1530 3
1530 1419 2
1469 1531 1
1531 1532 1
1532 1533 1
1533 1534 1
1534 1535 1
1535 1536 1
1536 1537 1
1537 1538 2
1538 1539 1
1539 1540 2
1540 1541 1
1541 1542 1
1542 1543 1
1543 1544 2
1544 1545 2
1545 1546 1
1546 1547 1
1547 1548 1
1548 1549 1
1550 1551 5
1419 1552 2
1552 1553 3
1553 1554 5
1554 1555 3
1555 1556 3
1556 1557 6
1557 1516 3
1516 1558 2
1558 1559 2
1559 1560 4
1560 1561 3
1561 1562 1
1562 1563 3
1563 1564 1
1564 1565 2
1565 1566 2
1566 1567 1
1567 1568 2
1568 1569 2
1569 1570 2
1570 1571 0
1438 1572 7
1572 1573 3
1574 1575 4
1469 1576 5
1576 1573 3
1573 1577 3
1577 1578 3
1578 1579 3
1579 1580 4
1580 1574 3
1574 1581 6
1581 1582 3
1582 1583 5
1583 1419 2
1584 1585 0
1585 1586 0
1586 1587 0
1587 1575 0
1439 1588 12
1576 1589 3
1589 1588 6
1588 1590 4
1590 1591 5
1591 1592 4
1588 1593 5
1593 1594 4
1594 1595 3
1595 1596 4
1596 1574 2
1591 1597 3
1597 1598 2
1598 1599 3
1599 1600 2
1600 1601 3
1601 1602 2
1602 1603 2
1603 1604 2
1604 1605 3
1605 1584 4
1584 1606 5
1606 1607 2
1607 1608 2
1608 1609 5
1609 1610 5
1610 1582 2
1611 1612 1
1612 1613 3
1613 1614 3
1614 1615 1
1615 1616 2
1616 1617 2
1618 1619 2
1619 1620 4
1620 1621 2
1621 1622 4
1622 1623 3
1623 1624 4
1624 1625 1
1625 1626 3
1626 1627 3
1627 1628 5
1628 1617 2
1617 1629 3
1629 1630 3
1630 1438 2
1457 1631 3
1631 1632 2
1632 1633 1
1633 1634 5
1634 1635 5
1635 1625 3
1627 1636 4
1636 1637 5
1637 1638 3
1638 1639 3
1639 1591 1
1619 1640 1
1640 1641 2
1641 1642 5
1642 1643 6
1643 1644 4
1644 1645 2
1645 1591 7
1646 1647 1
1647 1648 2
1648 1649 3
1649 1650 10
1650 1651 3
1651 1618 2
1618 1652 2
1652 1653 4
1653 1654 3
1654 1655 3
1655 1656 5
1592 1657 1
1657 1658 2
1658 1659 1
1653 1618 6
1588 1660 10
1660 1439 2
1122 1130 4
1341 1339 3
1660 1661 3
1661 1662 3
1662 1663 3
1663 1438 3
1664 1665 4
1665 1666 4
1666 1667 3
1667 1668 2
1668 1669 4
1669 1670 4
1670 1671 4
1671 1672 2
1672 1592 2
1589 1572 2
1618 1673 2
1673 1674 1
1674 1675 2
1675 1676 2
1676 1677 3
1677 1678 3
1678 1679 4
1679 1680 3
1680 1681 2
1681 1682 3
1682 1683 6
1683 1684 3
1684 1685 2
1685 1686 3
1686 1687 2
1687 1688 2
1688 1689 3
1689 1690 1
1690 1691 1
1691 1692 1
1692 1693 2
1693 1694 1
1694 1695 1
1695 1696 1
1696 1697 3
1697 1698 2
1698 1699 2
1699 1700 4
1679 1701 5
1701 1702 7
1702 1703 8
1703 1704 2
1704 1659 2
1705 1689 1
1689 1706 3
1706 1707 4
1707 1708 3
1708 1709 4
1709 1710 5
1710 1711 3
1711 1664 7
1664 1712 4
1712 1713 3
1713 1714 4
1714 1715 4
1715 1716 2
1716 1717 1
1717 1718 3
1718 1719 1
1719 1720 4
1664 1721 4
1721 1722 3
1722 1723 4
1723 1724 3
1724 1725 3
1725 1700 6
1669 1726 1
1726 1727 3
1727 1728 2
1728 1729 2
1729 1730 2
1730 1731 3
1731 1732 1
1732 1733 1
1733 1734 3
1734 1735 2
1735 1736 1
1736 1720 4
1700 1737 2
1737 1738 4
1738 1739 2
1739 1740 1
1740 1741 2
1741 1742 5
1742 1743 1
1597 1744 2
1744 1745 2
1745 1746 1
1746 1747 4
1747 1748 3
1748 1749 2
1749 1750 4
1750 1751 4
1751 1720 3
1720 1752 4
1752 1753 3
1753 1754 2
1754 1755 6
1755 1756 5
1756 1757 4
1757 1758 2
1758 1759 4
1722 1760 2
1760 1761 5
1761 1762 2
1762 1763 2
1763 1764 4
1764 1765 4
1765 1756 4
1720 1766 7
1766 1767 3
1767 1768 3
1768 1769 2
1769 1770 3
1770 1771 2
1771 1772 5
1772 1773 6
1773 1774 6
1756 1775 8
1775 1776 2
1776 1777 4
1777 1778 4
1778 1779 2
1779 1780 4
1780 1781 2
1781 1782 3
1782 1783 3
1783 1784 3
1784 1785 2
1785 1786 2
1786 1787 2
1759 1788 4
1788 1789 2
1789 1790 2
1790 1791 1
1791 1792 1
1792 1793 1
1793 1794 2
1794 1795 2
1795 1796 2
1796 1797 2
1797 1798 1
1798 1799 3
1799 1800 4
1800 1783 3
1798 1801 3
1801 1802 2
1802 1803 1
1803 1804 2
1804 1805 2
1805 1806 1
1806 1807 1
1807 1808 4
1743 1809 2
1809 1810 1
1810 1811 4
1811 1812 1
1812 1813 1
1813 1814 2
1815 1816 2
1759 1817 67
1817 1818 1
1818 1819 1
1819 1820 2
1820 1821 1
1821 1822 1
1822 1823 1
1823 1824 1
1824 1825 1
1825 1826 1
1826 1827 1
1827 1828 1
1700 1829 6
1829 1830 2
1830 1831 2
1831 1832 4
1832 1833 4
1833 1834 4
1834 1835 6
1835 1759 2
1759 1836 4
1836 1837 5
1837 1775 3
1775 1838 5
1838 1839 5
1839 1840 8
1840 1841 5
1841 1770 6
1771 1842 11
1842 1555 3
1843 1844 24
1835 1845 5
1845 1846 5
1846 1847 1
1847 1743 2
1743 1848 2
1848 1815 5
1815 1849 4
1849 1850 3
1850 1851 3
1851 1852 4
1852 1843 3
1843 1853 5
1853 1854 15
1854 1855 4
1855 1844 8
1844 1856 2
1856 1857 3
1857 1858 4
1858 1859 3
1859 1860 4
1860 1861 6
1861 1862 2
1862 1863 5
1863 1864 7
1864 1865 7
1516 1866 3
1866 1867 6
1867 1868 3
1868 1869 3
1869 1870 2
1870 1871 3
1871 1872 4
1872 1873 7
1873 1860 2
1874 1875 23
1876 1877 2
1877 1878 3
1878 1879 5
1879 1880 7
1865 1881 2
1881 1882 1
1882 1883 4
1883 1884 1
1884 1885 2
1885 1886 2
1886 1887 1
1887 1863 1
1863 1888 4
1888 1889 1
1889 1890 1
1890 1891 4
1891 1892 5
1892 1893 1
1893 1894 2
1894 1895 2
1895 1896 4
1896 1897 5
1897 1898 5
1898 1899 3
1899 1874 2
1874 1900 2
1900 1901 4
1901 1902 2
1902 1903 3
1903 1904 3
1904 1905 2
1905 1906 3
1906 1907 4
1907 1908 6
1908 1909 6
1909 1910 7
1865 1911 2
1911 1912 2
1912 1913 2
1913 1914 3
1914 1915 2
1915 1916 7
1916 1917 6
1917 1918 6
1918 1919 6
1919 1920 3
1920 1921 5
1921 1922 2
1922 1923 3
1923 1924 6
1924 1925 6
1925 1926 4
1926 1927 3
1927 279 10
1865 1928 1
1928 1929 1
1929 1930 4
1930 1931 6
1931 1932 5
1932 1933 3
1933 1934 5
1934 1935 4
1935 1936 7
1915 1937 6
1937 1938 1
1938 1939 6
1939 1940 5
1940 1941 3
1941 1942 4
1942 1943 2
1943 1944 4
1944 1945 5
1945 1946 6
1946 1947 3
1947 1910 5
1910 1948 5
1948 1949 2
1949 1950 6
1950 1951 12
1951 1952 9
1952 1953 4
1953 1954 1
1954 1955 3
1955 1956 1
1956 1957 1
1957 1958 2
1958 1959 1
1959 1960 2
1960 1961 1
1961 1962 5
1962 1963 2
1963 1964 1
1964 1965 0
1965 1966 4
1966 1967 4
1967 1968 2
1968 1969 7
1969 1970 6
1970 1971 2
1971 1972 2
1972 1973 4
1973 1974 4
1974 1975 4
1975 1976 3
1976 1977 2
1977 1978 5
1960 1979 2
1979 1954 3
1953 1980 5
1980 1981 3
1981 1982 3
1982 1983 3
1983 1984 2
1984 1985 4
1985 1986 7
1986 1987 7
1987 1875 9
1875 1876 7
1880 1988 4
