1 2 2
2 3 11
3 4 4
4 5 7
5 6 8
6 7 8
7 8 7
8 9 5
9 10 8
10 11 2
11 12 6
12 13 10
13 14 10
14 15 9
15 16 5
16 17 3
17 18 3
18 19 9
19 20 3
20 21 4
21 22 3
22 23 5
23 24 8
24 25 5
25 26 7
26 27 2
27 28 8
28 29 7
29 30 8
30 31 4
31 32 6
32 33 4
34 35 0
36 37 3
37 38 4
38 39 1
39 40 2
40 41 2
41 42 2
42 43 5
43 44 4
44 45 2
45 46 5
46 47 1
47 48 1
48 49 4
49 50 3
50 51 2
51 35 5
35 52 3
52 53 4
52 34 5
34 54 3
54 55 6
55 56 1
56 57 2
57 58 1
58 59 3
59 60 2
60 61 1
61 62 5
62 63 3
63 64 1
64 18 5
65 66 5
66 67 6
67 68 5
68 69 1
69 70 5
70 71 1
71 72 6
72 73 11
73 74 8
74 75 3
75 76 2
76 77 7
77 78 4
78 79 10
79 80 5
80 15 3
10 81 10
81 82 4
82 83 3
83 84 5
84 85 3
85 86 4
86 87 2
87 88 4
88 89 3
89 90 3
90 91 2
91 92 3
92 93 5
93 94 8
94 95 2
95 96 7
96 97 6
97 98 4
98 99 7
95 100 3
100 101 10
11 102 4
102 103 4
103 104 2
104 105 6
105 106 5
106 107 2
107 108 2
108 109 2
109 110 4
110 111 6
111 112 8
112 113 7
113 114 3
114 115 4
115 116 5
116 117 6
118 119 9
102 120 10
120 121 3
121 122 2
122 123 2
123 124 4
124 125 1
125 126 3
126 127 3
127 128 4
128 129 3
129 130 4
130 131 5
131 118 8
118 132 9
132 133 12
134 23 2
22 135 3
135 136 5
136 137 3
137 138 4
136 139 3
139 140 6
140 141 4
141 142 3
142 143 6
143 74 7
74 144 7
144 145 3
145 146 5
146 147 3
147 127 3
127 148 3
148 149 4
149 150 2
150 151 6
151 152 6
152 153 3
153 154 4
154 155 3
155 112 5
112 156 10
156 157 4
157 158 1
158 159 3
159 160 7
160 161 4
161 87 8
99 162 5
162 163 1
163 164 6
164 165 3
165 166 5
166 167 4
167 168 4
168 169 2
169 170 3
170 171 5
171 172 12
172 173 3
173 174 9
3 175 7
175 176 8
176 177 7
177 178 3
178 179 4
179 87 10
87 180 9
180 181 3
181 182 4
182 183 2
183 184 3
184 185 3
185 186 3
186 187 1
187 188 6
188 189 3
189 190 3
190 191 4
191 192 4
192 193 7
193 194 9
194 174 8
174 195 5
195 196 9
196 197 1
197 198 5
198 199 4
199 200 9
200 201 3
201 202 6
202 203 3
203 204 4
204 205 5
205 206 3
206 207 4
207 208 8
208 209 5
209 210 3
210 211 3
211 212 4
212 213 6
213 214 3
214 215 9
174 216 2
216 217 4
217 218 2
218 219 2
219 220 1
220 221 2
221 222 2
222 223 3
65 224 6
224 225 3
225 226 7
226 227 5
227 228 2
228 229 4
229 230 4
230 231 4
231 232 2
232 233 4
233 133 3
133 234 10
234 235 4
235 236 6
236 237 8
237 238 2
238 239 6
239 240 2
240 241 6
241 242 4
242 243 5
243 244 3
244 245 4
245 246 4
246 247 5
247 248 2
248 117 8
117 249 4
249 250 4
250 251 4
251 252 9
252 193 7
174 253 4
253 254 5
254 255 9
255 256 8
256 257 5
257 258 4
258 259 6
259 260 4
260 261 7
261 262 2
256 263 8
263 264 6
264 265 9
266 267 5
267 268 3
268 269 3
269 270 3
270 271 4
271 272 5
272 273 2
273 274 3
274 275 3
275 276 7
276 277 2
277 278 3
278 279 6
280 281 4
281 282 2
283 284 0
284 285 5
285 286 3
286 287 4
287 288 4
288 265 3
265 289 1
289 290 2
290 291 3
291 292 5
292 293 1
293 294 1
294 295 5
295 296 3
296 279 4
279 204 9
204 297 4
297 298 3
298 299 5
299 280 4
280 300 5
300 301 2
301 302 5
302 303 3
304 305 5
305 306 5
306 307 2
307 308 2
308 309 2
309 310 3
310 311 3
311 312 3
312 313 6
313 314 4
314 315 5
315 316 4
316 317 2
317 318 5
318 319 4
319 320 2
320 321 3
321 322 1
322 303 2
303 323 3
323 324 4
324 325 3
325 326 3
326 247 5
327 328 6
328 329 3
329 330 1
330 331 3
331 332 6
332 333 3
333 334 3
334 335 3
335 232 3
65 336 4
336 337 6
337 338 8
338 339 2
339 340 3
340 341 5
341 329 2
329 342 3
342 343 3
343 344 2
344 345 6
345 346 6
346 347 2
347 348 4
348 349 4
349 350 3
350 351 2
351 352 5
352 353 2
353 354 1
354 355 2
355 356 4
356 357 3
357 358 2
358 359 3
359 360 1
360 361 2
361 362 5
362 363 1
363 364 4
364 365 1
365 366 2
366 367 3
367 368 2
368 369 3
369 314 6
32 370 4
370 371 1
371 372 7
372 373 2
373 374 2
374 375 4
375 376 9
376 377 3
377 378 5
378 379 3
379 380 3
380 381 1
381 382 2
382 383 2
383 384 5
384 65 10
337 385 8
385 386 5
386 327 5
327 387 7
387 388 3
388 389 4
389 390 2
390 391 4
391 392 5
392 393 2
393 394 4
394 395 2
395 396 4
396 397 2
397 398 4
398 399 5
399 400 4
400 401 3
401 402 3
402 403 5
403 404 3
404 405 2
405 406 2
406 407 3
407 408 2
408 409 2
409 410 5
410 411 4
411 304 3
304 412 5
412 413 6
413 414 9
414 415 6
415 416 9
416 215 6
417 418 2
418 419 6
419 420 3
420 421 3
421 422 2
422 423 4
423 424 6
424 425 10
425 426 5
426 427 4
427 428 4
428 429 8
429 430 6
430 431 6
431 432 6
432 433 4
433 434 4
434 435 6
435 436 3
436 437 5
437 391 3
417 438 3
438 439 6
439 440 6
440 441 4
441 442 5
442 443 5
443 444 3
444 445 3
445 446 3
446 447 3
447 448 3
448 449 4
449 404 5
450 451 7
451 452 4
452 453 7
453 454 11
454 455 8
455 456 8
456 457 3
457 458 4
458 411 5
459 450 9
460 461 5
461 462 5
462 463 3
463 464 1
32 371 5
371 465 2
465 466 2
466 467 3
467 468 3
468 469 1
469 470 3
470 471 5
471 472 4
472 473 5
473 474 10
474 475 6
475 476 8
476 477 6
477 478 7
478 479 10
479 480 9
480 481 4
481 482 5
482 483 6
483 484 6
484 485 5
485 486 5
486 487 3
487 488 2
488 489 5
489 490 4
490 491 5
491 492 3
492 493 8
493 494 10
494 495 5
495 496 2
496 497 6
497 498 4
498 499 3
499 500 7
500 501 3
501 502 5
502 503 3
503 504 7
504 505 5
505 506 8
506 507 6
494 508 1
508 509 3
509 510 3
510 511 2
511 512 3
512 513 4
513 514 3
514 515 2
515 418 7
417 516 6
516 517 2
517 518 3
518 519 4
519 520 4
520 521 9
521 522 2
522 523 6
523 450 4
450 524 3
524 525 7
525 526 3
526 527 6
527 528 6
528 529 5
475 530 9
530 531 8
531 532 3
532 533 5
533 534 2
534 535 6
535 536 6
536 537 9
537 538 8
538 539 8
539 540 8
540 541 5
541 542 2
536 543 5
543 544 3
544 545 8
545 546 1
546 480 4
475 547 8
547 548 5
548 549 2
549 550 6
550 65 9
479 551 5
551 552 4
552 553 5
553 554 1
554 555 6
555 556 4
556 550 5
480 557 6
557 558 7
558 559 11
559 560 3
560 561 6
561 562 3
562 563 4
563 564 4
564 565 4
565 566 4
566 567 4
567 568 4
568 569 4
569 570 6
570 571 5
498 572 4
572 573 3
573 574 3
574 575 3
575 576 3
576 577 3
486 578 3
578 579 3
579 580 3
580 581 4
494 582 9
582 583 7
583 584 4
584 585 9
585 586 2
586 581 6
581 587 6
587 588 7
588 589 8
589 590 5
590 591 5
591 592 4
592 593 3
593 327 8
494 594 4
594 595 9
595 596 9
596 597 1
597 598 6
598 599 3
599 600 2
600 601 2
601 602 6
602 603 2
603 604 4
604 605 4
605 606 3
606 571 5
215 607 9
607 608 5
608 609 4
609 610 3
610 611 7
611 529 1
529 612 17
612 613 5
613 614 5
614 615 4
615 616 11
616 617 3
617 618 10
618 619 4
619 620 3
620 621 6
621 622 6
622 623 3
623 624 4
624 625 4
625 626 7
626 627 3
627 504 5
628 629 3
629 630 4
630 631 5
631 632 4
632 633 1
633 504 7
620 634 5
634 635 3
635 636 3
636 637 2
637 638 3
638 639 2
639 640 2
640 641 6
641 642 3
642 628 7
628 643 4
643 644 4
644 645 3
645 646 5
646 647 5
647 648 3
648 649 4
649 650 4
650 651 5
651 652 1
652 653 1
653 654 7
654 655 2
655 656 10
507 657 2
657 658 2
658 659 1
659 660 2
660 661 3
661 662 3
662 663 4
663 664 3
664 665 3
665 666 4
666 667 8
667 668 3
668 669 3
669 670 3
670 671 6
671 672 9
672 571 9
657 673 3
673 674 7
674 675 5
675 676 4
676 677 3
677 678 2
678 679 5
679 680 3
680 656 2
656 681 4
681 682 6
682 683 3
683 684 9
684 685 2
656 686 7
37 687 3
687 688 2
688 689 5
689 690 2
690 691 2
691 692 4
692 693 1
693 694 2
694 695 3
695 696 5
696 697 2
697 698 9
698 699 3
699 700 5
700 701 1
701 702 3
702 703 4
703 704 4
704 705 1
688 706 2
706 707 4
707 708 2
708 709 1
709 710 1
710 711 3
711 712 5
712 713 1
713 714 2
714 715 1
715 716 1
716 717 5
717 718 1
718 719 2
719 720 2
720 721 3
721 696 3
697 722 3
722 723 3
723 724 4
724 725 2
725 726 3
726 727 7
727 728 2
728 729 5
729 730 5
730 731 4
731 732 2
732 733 6
733 734 2
734 735 5
735 736 7
736 737 2
737 738 8
729 739 6
739 740 1
740 741 5
741 742 6
743 744 4
744 745 2
745 746 4
746 747 5
747 748 6
748 719 4
746 749 5
749 750 4
750 751 5
751 752 5
752 753 4
753 754 2
754 755 10
755 756 3
756 757 5
757 738 6
738 758 9
758 759 2
759 760 8
760 761 4
761 762 5
762 763 5
763 764 5
764 765 3
766 767 5
767 768 3
768 769 7
769 770 1
770 771 1
771 772 4
772 773 9
773 774 3
774 775 3
775 776 3
776 777 10
777 743 2
743 778 2
778 779 3
779 780 3
780 781 8
781 782 10
782 783 10
783 784 4
784 785 6
785 786 4
786 787 5
787 788 7
788 789 12
789 790 6
790 791 7
791 792 2
792 793 7
793 794 9
794 795 6
795 796 7
796 797 4
797 798 9
798 799 5
799 800 10
800 801 5
801 802 9
802 803 3
803 804 6
804 805 5
805 806 7
806 807 4
807 808 2
808 809 6
809 810 6
810 811 6
811 812 10
781 813 7
813 814 2
814 815 2
815 816 4
816 817 4
817 818 3
818 819 8
819 820 3
820 821 3
821 822 3
822 823 3
823 824 4
824 825 2
825 826 2
826 827 4
827 828 3
828 829 2
829 830 6
781 831 11
831 832 4
832 833 11
833 834 7
834 835 3
835 836 6
836 837 10
837 838 5
838 839 5
839 840 6
824 841 7
841 842 3
842 843 7
843 844 6
844 845 3
845 846 6
846 847 2
847 848 3
848 849 3
849 850 5
850 851 3
851 852 1
852 853 2
853 788 4
783 854 9
854 855 2
855 856 2
783 857 8
857 858 10
858 859 12
859 860 8
860 861 2
861 862 2
862 863 7
863 864 8
864 837 5
789 865 7
865 866 5
866 867 5
867 868 4
868 869 4
869 870 3
870 871 5
871 872 6
872 873 3
873 874 1
874 875 5
875 876 3
876 877 5
877 878 4
878 879 3
879 880 2
880 881 8
881 882 4
882 883 8
884 885 5
885 886 5
886 887 4
887 888 3
888 796 4
889 890 3
890 891 3
891 892 4
892 888 6
799 893 6
893 894 3
894 895 5
895 896 2
896 897 2
897 898 4
898 899 4
899 900 2
900 901 7
901 902 4
902 903 5
903 904 10
904 905 3
798 906 2
906 907 5
907 908 2
908 909 2
909 910 5
910 911 1
911 912 4
912 913 2
913 914 2
914 915 4
915 916 2
916 917 3
917 883 5
883 918 5
918 919 2
919 920 2
920 921 2
921 922 1
922 923 2
923 924 2
924 925 3
909 926 3
926 927 2
927 928 2
928 929 2
929 930 3
930 931 2
931 932 5
932 933 4
933 934 4
934 935 1
935 936 4
936 937 4
937 938 2
938 939 7
939 940 1
940 941 3
914 942 5
942 943 3
943 944 3
944 945 4
804 946 7
946 947 4
947 948 2
948 949 2
949 950 4
950 951 2
951 952 3
952 953 4
953 954 3
954 955 5
955 956 1
956 957 3
957 958 4
958 959 3
959 905 4
805 961 7
961 962 6
962 963 6
963 964 7
964 965 3
965 966 6
966 967 3
967 960 7
968 969 2
969 970 7
970 971 5
971 972 2
972 973 4
973 974 3
974 975 4
975 976 5
976 977 4
977 978 2
978 979 5
979 980 4
980 981 4
981 982 3
36 983 5
983 984 3
984 985 3
985 986 3
986 987 2
987 988 6
988 989 1
989 990 6
990 991 4
991 992 5
992 993 6
993 994 4
994 995 7
995 996 5
996 997 2
997 998 4
998 999 7
999 1000 15
1000 840 12
840 1001 10
1001 1002 9
1002 1003 5
1003 1004 4
1004 1005 3
1005 1006 15
1006 1007 16
1007 1008 15
1008 1009 11
1009 1010 13
1010 1011 8
1011 1012 12
1012 1013 3
1013 1014 5
1014 1015 6
1015 1016 5
1016 1017 3
1017 1018 12
1018 1019 8
1019 960 7
1008 1020 9
1020 1021 11
1021 1022 14
1022 1023 8
1023 1024 9
788 1025 8
1025 1026 9
1026 1027 6
1027 1028 3
1028 1029 5
1029 1030 4
1030 1031 3
1031 1032 4
1032 1033 4
1033 1034 7
1034 1035 2
1035 1036 5
1036 1037 8
1037 1006 6
1007 1038 4
1038 1039 3
1039 1040 6
1040 1041 5
1041 1042 6
1042 1043 4
1043 1044 8
1044 1045 7
1045 1046 2
1012 1047 3
1047 1048 4
1048 1049 4
1049 1050 4
1050 1051 6
1051 1052 5
1052 1053 4
1012 1054 5
1054 1055 6
1055 1056 2
1056 1057 7
1057 1058 1
1058 1059 8
1059 1060 6
1060 1061 6
1061 1062 5
1062 1063 6
1056 1064 3
1064 1065 6
1065 1066 3
1066 1067 8
1012 1068 6
1068 1069 8
1069 1070 2
1070 1071 2
1071 1072 1
1072 1073 8
1073 1074 9
1074 1075 6
1075 1076 7
1076 1077 5
1077 1078 4
1078 1079 5
1079 1046 10
1046 1080 9
1080 1081 8
1081 1082 4
1082 1083 3
1083 789 6
1068 1084 8
1084 1085 1
1085 1086 2
1086 1087 7
1087 1088 9
1088 1089 7
1089 1090 6
1090 1091 2
1091 1092 7
1092 1093 5
1093 1094 3
1094 1095 1
1095 1096 4
1014 1097 6
1097 1098 4
1098 1099 4
1099 1100 2
1100 1101 3
1101 1102 6
1102 1103 6
1103 1104 3
1104 1105 8
1105 1106 8
1106 1107 5
1107 1108 4
1108 1109 5
1109 1110 6
1110 1111 6
1111 1112 6
1112 1113 5
1113 1114 4
1114 1115 3
1115 1116 3
1116 1117 4
1117 1118 6
1118 1119 2
1119 1120 7
1120 1121 4
1121 1122 7
960 1123 14
1123 1124 7
1124 1125 3
1125 1126 2
1126 1127 2
1127 1128 6
1128 1102 3
1123 1129 9
1129 1130 7
1130 1106 8
1110 1131 6
1131 1132 2
1132 1133 4
1133 1134 1
1134 1135 5
1135 1136 4
1136 1137 4
1137 1138 2
1138 1139 3
1139 1140 7
1140 1141 3
1141 1142 2
1132 1143 2
1143 1144 2
1144 1145 4
1145 1146 8
1146 1147 9
1110 1148 6
1148 1149 6
1149 1150 6
960 1151 4
1151 1152 5
1152 1153 5
1153 1154 5
1154 1155 4
1155 1156 4
1156 1157 3
1157 1158 4
1158 1159 7
1159 1160 2
1160 1161 4
1161 1162 5
1162 1114 7
1078 1163 5
1163 1164 5
1164 1165 10
1165 1166 2
1166 1167 7
1167 1168 6
1168 1169 8
1169 1170 7
1170 1171 2
1171 1172 4
1172 1173 5
1173 1096 4
1096 1174 4
1174 1175 4
1175 1176 4
1176 1177 2
1177 965 4
1178 1179 3
1179 1180 5
1180 1181 1
1181 1182 2
1182 1183 2
1183 1184 2
1184 1185 3
1185 1186 3
1186 1187 1
1187 1188 1
1188 1189 3
1189 1190 2
1190 1191 1
1191 1192 2
1192 1193 3
1193 1194 2
1194 1195 1
1195 1196 1
1196 1197 1
1188 1198 4
1198 1199 1
1199 1200 3
1200 1201 1
1201 1202 3
1202 1203 1
1203 1204 1
1204 1205 4
1205 1206 3
1206 1207 7
768 1208 6
1208 1209 4
1209 1210 2
1210 1211 3
1211 1212 2
1212 1213 2
1213 1214 3
1214 1215 3
1215 1216 5
1216 1217 2
1217 1218 5
1218 1219 5
1219 1220 5
1220 1221 6
1221 1222 4
1222 1223 3
1223 1224 6
1224 837 10
1001 1225 7
1225 1226 8
1226 1227 3
1227 1228 5
1228 1229 8
1229 1230 10
1230 1231 8
1231 1232 11
1232 1233 9
1233 1234 6
1234 1235 11
1235 1236 8
1236 1237 9
1237 1238 12
1237 1239 8
1239 1240 5
1240 1241 7
1241 1242 5
1242 1243 2
1243 1244 3
1244 1245 2
1245 1246 3
1246 1247 5
1247 1248 11
1248 1249 5
1249 1250 3
1250 1251 7
1251 1252 3
1252 1253 9
1253 1254 4
1254 1255 1
1255 1256 13
1256 1257 6
1257 1258 4
1247 1259 8
1259 1260 4
1260 1261 6
1229 1262 12
1262 1263 3
1263 1264 6
1264 1265 4
1265 1266 3
1266 1267 2
1267 1268 4
1268 1269 5
1269 1270 3
1270 1271 8
1271 1272 6
1272 1273 2
1273 1274 3
1274 1275 2
1275 1276 2
1276 1277 3
1277 1278 5
1278 1279 10
1279 1280 5
1280 1281 1
1281 1282 4
1282 1247 5
1269 1283 6
1284 1285 3
1285 1286 10
1286 1287 8
1287 1288 5
1288 1289 6
1289 1290 13
1290 1291 7
1291 1292 8
1292 1293 6
1293 1294 6
1294 1231 12
1235 1295 8
1295 1296 1
1296 1297 7
1297 1298 7
1298 1299 5
1299 1300 1
1300 1301 7
1301 1302 3
1302 1303 6
1303 1304 11
1304 1289 8
1290 1305 10
1305 1306 2
1306 1307 12
1307 1308 4
1308 1309 3
1309 1310 3
1310 1311 4
1311 1312 6
1312 1008 3
1313 1234 8
1225 1314 6
1314 1315 4
1315 1316 5
1316 1317 5
1317 1318 3
1318 1319 4
1319 1320 8
1320 1321 2
1321 1322 8
1322 1323 5
1323 1324 5
1324 1325 2
1325 1326 3
1326 1327 5
1327 1328 4
1328 1329 5
1329 1330 7
1330 1331 10
1331 1332 2
1332 1333 3
1333 1334 6
1334 1335 2
1335 1336 7
1336 1337 9
1337 1338 2
1338 1253 5
1339 1340 7
1340 1341 9
1341 1342 8
1342 1331 5
1332 1343 10
1343 1344 9
1344 1345 5
1345 1275 7
1275 1346 8
1346 1347 6
1347 1348 4
1348 1349 7
1349 1350 4
1350 1235 6
1351 1339 13
999 1352 3
1352 1353 8
1353 1354 7
1354 1355 9
1355 1356 6
1356 1357 12
1357 1358 4
1358 1359 9
1359 1360 6
1360 1361 5
1361 1362 3
1362 1363 6
1363 1364 3
1364 1365 6
1365 1366 4
1366 1367 3
1367 1368 2
1368 1369 3
1369 1370 3
1370 1371 1
1371 1372 8
1372 1339 7
985 1373 3
1373 1374 4
1374 1375 2
1375 1376 2
1376 1377 2
1377 1378 4
1378 1379 5
1379 1380 3
1380 1381 6
1381 1382 6
1382 1383 2
1383 1384 5
1384 1385 5
1385 1386 4
1386 1387 4
1387 1388 5
1388 1389 1
1389 1390 2
1390 1391 2
1391 1392 2
1392 1393 2
1393 1394 2
1394 1395 1
1395 1396 3
1396 1397 1
1397 1398 4
1398 1399 1
1399 1356 4
840 1400 6
1400 1401 5
1401 1402 5
1402 1403 2
1403 1404 3
1404 1405 4
1405 1406 3
1406 1407 2
1407 1408 5
1408 1409 5
1409 1410 1
1410 1411 2
1411 1412 2
1412 1413 2
1413 1414 4
1414 1415 4
1415 1416 3
1416 1417 4
1417 1359 3
1356 1418 8
1418 1419 2
1419 1420 2
1420 1421 2
1421 1422 2
1422 1423 4
1423 1424 1
1424 1425 3
1425 1410 2
1409 1426 4
1426 1427 3
1427 1428 3
1428 1429 3
1429 1430 5
1430 1320 11
1359 1431 3
1431 1432 5
1432 1433 3
1433 1434 4
1434 1435 3
1435 1436 6
1436 1437 1
1437 1324 12
1325 1438 8
1438 1439 3
1439 1440 4
1440 1441 6
1441 1442 4
1442 1443 6
1443 1444 3
1444 1445 3
1445 1275 3
1446 1447 4
1447 1448 1
1448 1449 3
1449 1450 2
1450 1451 2
1451 1452 2
1452 1453 3
1453 1454 2
1454 1455 1
1455 1456 2
1456 1457 4
1457 1458 2
1458 1459 2
1459 1460 2
1460 1461 2
1461 1462 3
1462 1463 4
1463 1464 2
1464 1465 2
1465 1466 3
1466 1467 2
1467 1468 4
1449 1469 2
1469 1470 3
1470 1471 1
1471 1472 2
1472 1473 3
1473 1474 2
1474 1475 3
1475 1476 4
1476 1477 3
1477 1478 1
1478 1479 2
1479 1480 2
1480 1481 3
1481 1482 3
1482 1483 3
1483 1484 7
1485 1486 7
1486 1487 2
1487 1488 3
1488 1489 4
1489 1490 6
1490 1491 2
1491 1492 2
1492 1493 6
1493 1494 2
1494 1495 8
1495 1496 8
1496 1497 10
1497 1498 10
1498 1499 9
1499 1500 6
1500 1501 6
1501 1502 6
1502 1503 4
1503 1504 6
1504 1505 4
1505 1506 6
1506 1507 6
1507 1508 3
1508 1509 8
1509 1510 10
1510 1511 8
1511 1512 6
1512 1513 5
1497 1514 9
1514 1515 7
1515 1516 4
1516 1517 10
1517 1518 11
1518 1519 3
1519 1520 6
1500 1521 5
1521 1522 4
1522 1523 4
1523 1524 3
1524 1525 3
1525 1526 5
1526 1527 4
1527 1528 3
1528 1399 8
1504 1529 10
1529 1530 4
1530 1531 7
1531 1532 4
1532 1533 6
571 1534 2
1534 1535 7
1535 1536 8
1536 1537 3
1537 1538 5
1538 1539 5
1539 1540 8
1540 1541 13
1541 1542 1
1542 1543 13
1543 1544 10
1544 1545 7
1545 1546 3
1546 1509 11
1509 1547 10
1547 1548 4
1548 1549 7
1549 1550 8
1550 1551 7
1551 1552 3
1552 1359 7
1553 1554 1
1554 1555 1
1555 1556 1
1556 1557 1
1557 1558 1
1558 1559 1
1559 1560 1
1560 1561 1
1561 1562 1
1562 1563 2
1563 1564 2
1564 1565 1
1565 1566 1
1566 1567 2
1567 1568 3
1568 1569 1
1570 1571 1
1571 1572 1
1572 1573 1
1573 1574 1
1574 1575 1
1576 1577 1
1577 1578 0
1578 1579 1
1579 1580 1
1580 1581 2
1581 1582 2
1582 1583 1
1583 1584 1
1584 1585 1
1585 1586 2
1586 1587 1
1587 1588 4
1588 1589 2
1589 1590 1
1590 1591 1
1591 1592 1
1592 1593 1
1593 1594 1
1594 1595 3
1595 1596 2
1596 1597 2
1597 1598 3
1598 1599 2
1599 1600 2
1600 1601 2
1602 1603 1
1603 1604 1
1604 1605 1
1605 1606 1
1607 1608 1
1608 1609 1
1609 1610 1
1610 1611 2
1611 1612 0
1612 1613 1
1613 1602 1
1602 1614 1
1614 1615 2
1615 1616 1
1616 1617 0
1617 1618 1
1618 1619 2
1619 1620 3
1620 1621 2
1621 1622 5
1622 1623 0
1623 1624 1
1624 775 1
1625 1626 1
1626 1627 3
1627 1628 3
1628 1629 4
1629 1630 1
1630 1631 2
1631 1632 2
1632 1633 2
1633 1634 2
1634 1635 2
1635 1636 2
1636 1637 2
1637 1638 3
1638 1639 1
1639 1640 2
525 1641 6
1641 1642 2
1643 1644 1
1645 1646 2
1646 1643 3
1643 1647 1
1647 1648 1
1649 1650 1
1535 1651 7
1651 1652 1
1652 1653 1
1653 1650 10
1650 1654 5
1654 1655 6
454 1656 2
1656 1657 6
1657 1658 1
699 1659 2
1659 1660 1
1660 1661 1
1661 1662 2
1662 1663 1
1663 1664 2
1664 1665 1
1665 1666 1
1667 1668 1
1668 1669 3
1670 1671 1
1671 1672 1
1672 1673 0
1673 1674 1
1675 1676 2
1676 1677 3
1678 1679 2
1679 1680 1
1680 1681 8
856 1682 1
1682 1683 2
1683 1684 1
1684 1685 1
1685 1686 1
1686 1687 2
1687 1688 1
1688 1689 2
1682 1690 1
1690 1691 1
1691 1692 2
1692 1693 1
1693 1694 1
1695 1696 1
1696 1697 1
1697 1698 1
1698 1699 1
1699 1700 3
1700 1701 1
1701 1702 3
1702 1703 2
1703 1704 1
1699 1705 1
1705 1706 1
1706 1707 5
1707 1708 3
1708 1709 3
1710 1711 2
1711 1712 2
1712 1713 2
1713 1714 3
1714 1715 1
1716 1717 4
1717 1718 2
1718 1719 2
1719 1720 2
1720 1721 2
1721 1722 3
1722 1723 2
1724 1725 1
1725 1726 1
1726 1727 1
1727 1728 1
1728 1729 1
1729 1730 1
1730 1731 1
1731 1732 1
1732 1733 1
1733 1734 1
1607 1735 1
1735 1736 1
1736 1737 1
1737 1738 1
1738 1739 1
1739 1733 1
1733 1740 1
1740 1553 1
1553 1741 1
1741 1742 1
1743 1744 1
1744 1745 1
1745 1746 1
1746 1747 1
1747 1748 1
1748 1749 1
1749 1750 1
1750 1751 1
1751 1752 1
1752 1733 1
1733 1753 1
1753 1754 1
1754 1755 1
1755 1756 1
1756 1557 1
1557 1757 1
1757 1758 1
1758 1759 1
1759 1760 1
