5 6 57 0
6 4 50 0
1 2 8 0
2 3 35 0
3 4 69 0
4 7 74 0
7 8 81 0
8 9 26 0
9 10 4 0 0 0 0 0 0
10 11 5 0 0 0 0 0 0
3 12 6 0
12 13 4 0
13 14 2 0
14 15 3 0
15 16 6 0
16 17 1 0
17 18 4 0
18 19 2 0
19 20 2 0
20 21 1 0
21 2 4 0
2 22 3 0
22 23 3 0 0 0
23 24 5 0
24 25 4 0 0
25 26 2 0
26 27 3 0
27 28 3 0
28 29 4 0
29 30 9 0 0
11 10 5 0 0 0 0 0
10 9 4 0 0 0 0 0
9 31 62 0 0
31 32 40 0 0
32 33 5 0
33 34 4 0
34 35 4 0
35 36 5 0
36 37 6 0
37 38 4 0
38 39 5 0
39 40 6 0
40 41 6 0
41 42 6 0
42 43 3 0
43 44 3 0
44 45 4 0
45 46 6 0
46 47 3 0
47 48 2 0
48 49 6 0
49 50 6 0
50 51 5 0
51 52 6 0
52 53 2 0
53 54 6 0
54 55 2 0
55 56 7 0
56 57 8 0
57 58 4 0
58 59 2 0
59 60 6 0
60 61 7 0
61 62 4 0
62 63 4 0
63 64 4 0
64 65 3 0
65 66 2 0
66 67 3 0
67 3 4 0
3 68 4 0
68 69 18 0
69 18 8 0
18 2 9 0
2 1 8 0
79 80 7 0
80 81 6 0
6 70 5 0 0 0
70 71 8 0
71 72 5 0
72 73 4 0
73 74 6 0
74 75 6 0
75 76 2 0
76 77 5 0
77 78 10 0
78 79 8 0
79 82 4 0
82 83 4 0
83 84 4 0
84 85 4 0
85 86 4 0
86 87 2 0
87 88 3 0
88 89 4 0
89 22 5 0
23 1 2 0 0
90 91 5 0 0
91 6 6 0 0
70 92 5 0
92 93 5 0
93 94 3 0
94 95 4 0
95 96 3 0
96 97 3 0
97 98 2 0
98 99 3 0
99 100 4 0
100 101 2 0
101 102 3 0
102 103 4 0
103 104 1 0
104 105 4 0
105 5 6 0
106 107 3 0
107 108 1 0
108 109 5 0
109 110 6 0
110 111 5 0
111 112 4 0
112 113 4 0
113 114 5 0
114 115 4 0
115 116 4 0
116 117 7 0
117 118 6 0
118 119 6 0
119 120 12 0
120 121 3 0
121 122 4 0
122 123 5 0
123 124 4 0
124 125 7 0
125 126 5 0
126 127 5 0
127 59 6 0
59 58 2 0
58 128 2 0 0
9 129 53 0
129 130 46 0
130 131 8 0
131 132 3 0
132 133 4 0
133 134 3 0
134 135 5 0
135 136 3 0
136 137 4 0
137 138 6 0
138 139 5 0
139 140 2 0
140 141 4 0
141 142 3 0
142 143 3 0
143 144 5 0
144 145 11 0
145 146 8 0
146 147 3 0
147 148 3 0
148 106 2 0
106 149 4 0
149 150 4 0
150 151 2 0
151 152 5 0
152 153 5 0
153 154 4 0
154 155 8 0
155 156 12 0
156 157 7 0
157 158 6 0
158 90 7 0
70 5 52 0
159 160 6 0
160 161 7 0
161 162 8 0
162 163 5 0
163 164 6 0
164 165 2 0
165 166 3 0
166 167 7 0
167 168 4 0
168 169 1 0
169 130 8 0
170 171 4 0
171 172 7 0
172 173 5 0
173 174 5 0
174 175 10 0
175 176 5 0
176 177 4 0
177 178 4 0
178 179 3 0
179 180 5 0
180 181 4 0
181 182 5 0
182 183 6 0
183 184 4 0
184 185 5 0
185 186 3 0
186 187 3 0
187 130 8 0
32 188 4 0
188 189 6 0
189 190 4 0
190 191 4 0
191 170 8 0
170 192 10 0
192 193 6 0
193 194 4 0
194 195 1 0
195 196 3 0
196 197 6 0
197 198 5 0
198 199 6 0
199 200 4 0
200 201 6 0
201 202 3 0
202 203 7 0
203 204 3 0
204 205 4 0
205 206 4 0
206 207 5 0
207 208 3 0
208 209 2 0
209 210 4 0
210 139 2 0
139 211 3 0
211 212 3 0
212 213 3 0
213 214 3 0
214 215 5 0
215 216 2 0
216 217 4 0
217 218 3 0
218 219 4 0
219 220 4 0
220 221 6 0
221 222 3 0
222 223 4 0
223 224 5 0
224 225 3 0
225 226 4 0
226 227 3 0
227 228 5 0
228 229 5 0
229 230 8 0
230 231 8 0
231 232 4 0
232 233 7 0
233 234 4 0 0
234 235 7 0
235 236 7 0
236 237 4 0
237 238 6 0
238 239 2 0
239 240 2 0
240 241 5 0
241 242 1 0
242 243 2 0
243 244 1 0
244 245 2 0
245 246 5 0
246 247 4 0
247 248 8 0
248 249 7 0
249 250 1 0
250 251 2 0
251 252 7 0
252 253 5 0
253 254 8 0
254 255 4 0
255 256 4 0
256 257 5 0
261 262 2 0
262 263 3 0
263 264 1 0
5 258 3 0 0
258 259 2 0 0
259 260 2 0
260 261 2 0
261 265 3 0
265 266 2 0
266 267 5 0
267 268 3 0
268 269 3 0
269 270 4 0
270 271 4 0
271 272 2 0
272 273 3 0
273 274 7 0
274 275 3 0
275 276 3 0
276 277 6 0
277 278 4 0
278 279 9 0
279 280 4 0
280 281 4 0
281 282 8 0
282 283 6 0
283 284 7 0
284 285 7 0
285 286 5 0
286 287 9 0
287 288 4 0
288 289 4 0
289 290 4 0
290 291 7 0
291 292 4 0
292 293 5 0
293 294 3 0
294 295 7 0
295 296 5 0
296 297 4 0
297 298 5 0
298 299 3 0
299 300 4 0
300 301 3 0
301 302 3 0
302 303 6 0
303 257 4 0
257 304 9 0
304 305 6 0
305 306 4 0 0
306 307 6 0
307 308 4 0
308 309 4 0
309 310 3 0
310 311 2 0
311 312 3 0
312 313 2 0
313 314 5 0
314 315 2 0
315 316 6 0
316 317 7 0
317 318 7 0
306 319 6 0
319 320 8 0
320 321 3 0
321 322 2 0
322 323 6 0
323 324 8 0
324 325 7 0
325 326 7 0
326 327 3 0
327 328 8 0
328 329 7 0
329 330 7 0
330 331 6 0
331 332 6 0
234 333 4 0
238 235 17 0
235 333 8 0
333 334 4 0
334 335 5 0
335 336 3 0
336 337 4 0
337 338 3 0
338 339 2 0
339 340 6 0
340 341 4 0
341 342 3 0
342 343 4 0
343 344 6 0
344 345 7 0
345 346 3 0
346 347 4 0
347 348 1 0
348 349 3 0
349 350 4 0
350 351 6 0
351 286 3 0
335 352 6 0
352 353 7 0
353 354 2 0
354 355 5 0
355 356 4 0
356 357 8 0
357 358 2 0
358 359 3 0
359 360 9 0
360 361 4 0
361 362 4 0
362 363 8 0
363 295 5 0
399 400 2 0
400 401 4 0
401 402 5 0
281 364 8 0
364 365 3 0
365 366 5 0
366 367 5 0
367 368 4 0
368 369 2 0
369 370 3 0
370 371 2 0
371 372 5 0
372 373 6 0
373 374 5 0
374 375 2 0
375 376 1 0
376 377 3 0
377 378 4 0
378 379 4 0
379 380 10 0
380 381 5 0
381 382 4 0
382 383 3 0
383 384 5 0
384 385 4 0
385 386 3 0
386 387 3 0
387 388 6 0
388 389 3 0
389 390 4 0
390 391 2 0
391 392 1 0
392 393 4 0
393 394 2 0
394 395 6 0
395 396 2 0
396 397 3 0
397 398 3 0
398 399 4 0
399 403 3 0
403 404 4 0
404 405 1 0
405 406 4 0
406 407 2 0
412 413 4 0
413 414 1 0
378 408 4 0
408 409 2 0
409 410 5 0
410 411 4 0
411 412 6 0
412 415 4 0
415 416 3 0
416 417 4 0
417 418 4 0
418 419 4 0
419 420 4 0
420 421 2 0
421 422 6 0
422 423 3 0
423 424 4 0
424 425 2 0
425 426 4 0
426 427 2 0
427 428 2 0
428 429 2 0
429 430 5 0
430 431 3 0
431 432 3 0
432 433 2 0
433 434 4 0
434 435 5 0
435 436 2 0
436 437 3 0
437 438 6 0
438 439 3 0
439 440 1 0
440 441 6 0
441 442 1 0
295 443 2 0
443 444 2 0
444 445 2 0
445 446 3 0
446 447 5 0
447 448 2 0
448 449 2 0
449 450 3 0
450 451 5 0
451 452 6 0
452 453 4 0
453 454 4 0
454 455 3 0
455 456 5 0
456 457 4 0
457 458 3 0
458 459 5 0
459 421 11 0
460 461 21 0
461 462 8 0
462 463 8 0
463 464 8 0
464 465 4 0
465 466 2 0
466 467 3 0
467 468 3 0
468 469 4 0
469 441 4 0
441 440 6 0
442 470 3 0
470 471 5 0
471 472 5 0
472 473 3 0
473 474 4 0
474 475 3 0
475 476 6 0
476 477 4 0
477 478 1 0
478 479 8 0
479 480 3 0
480 481 3 0
259 482 2 0
482 483 2 0
483 484 1 0
484 485 3 0
485 486 4 0
486 487 9 0
487 488 3 0
488 489 3 0
489 490 2 0
490 491 2 0
491 492 4 0
492 493 4 0
493 494 7 0
494 495 4 0
495 496 4 0
496 497 3 0
497 498 6 0
498 499 8 0
499 500 3 0
500 501 3 0
501 502 3 0
502 503 3 0
503 504 5 0
504 505 4 0
505 506 3 0
506 507 3 0
507 508 4 0
508 509 2 0
509 510 5 0
510 511 5 0
511 512 3 0
512 513 4 0
513 514 4 0
514 515 2 0
515 516 5 0
516 517 4 0
517 518 6 0
507 519 2 0
519 520 4 0
520 521 3 0
521 522 4 0
522 523 2 0
523 524 9 0
524 525 3 0
525 526 4 0
526 527 7 0
527 528 3 0
528 529 3 0
529 530 4 0
530 531 5 0
531 532 4 0
532 533 3 0
533 534 2 0
534 535 3 0
535 536 3 0
536 537 5 0
537 538 2 0
538 384 3 0
498 539 4 0
539 540 2 0
540 541 3 0
541 542 3 0
542 543 3 0
543 544 4 0
544 545 2 0
545 546 3 0
546 547 3 0
547 548 5 0
548 549 3 0
493 550 2 0
550 551 4 0
551 552 2 0
552 553 4 0
553 554 3 0
554 555 3 0
555 556 5 0
556 557 1 0
557 558 4 0
558 559 3 0
559 560 3 0
560 561 3 0
561 562 2 0
562 563 3 0
563 564 3 0
564 565 4 0
565 566 2 0
566 567 2 0
567 568 5 0
568 569 1 0
69 571 4 0
571 572 4 0
572 573 6 0
573 574 1 0
574 81 1 0
1 23 2 0
23 22 3 0
22 570 5 0
570 81 13 0
81 575 5 0
575 576 5 0
576 577 6 0
577 578 5 0
578 579 5 0
579 580 4 0
580 581 6 0
581 582 6 0
582 583 2 0
583 584 2 0
584 585 2 0
585 586 4 0
586 5 3 0
587 588 2 0
588 589 2 0
589 590 2 0
590 591 2 0
591 592 3 0
592 593 3 0
593 594 4 0
594 595 3 0
595 596 2 0
596 597 4 0
597 598 3 0
598 599 5 0
599 600 3 0
600 601 4 0
601 602 7 0
5 586 3 0
586 603 9 0
1 604 17 0
604 605 19 0
605 606 4 0
606 607 1 0 0
607 608 8 0
608 609 2 0 0
609 610 9 0
610 611 2 0
611 612 4 0
612 613 5 0
613 614 2 0
614 615 4 0
615 616 6 0
616 617 1 0
617 618 3 0
618 619 3 0
619 620 2 0
620 621 2 0
621 622 1 0
622 623 2 0
624 625 3 0
625 626 2 0
626 627 4 0
627 628 2 0
628 629 5 0
629 641 2 0
602 642 5 0
642 643 4 0
643 644 3 0
644 645 4 0
645 646 3 0
646 647 2 0
647 22 7 0
577 648 4 0
648 649 2 0
649 650 6 0
650 651 6 0
651 652 4 0
652 653 10 0
653 654 3 0
654 655 3 0
655 656 3 0
656 657 3 0
657 658 3 0
658 608 5 0
609 659 7 0
659 660 4 0
660 661 5 0
661 624 7 0
624 662 6 0
604 667 2 0
667 668 2 0
1 663 4 0 0
663 664 2 0 0
664 665 2 0 0
665 666 4 0
666 604 5 0
604 669 3 0
669 670 6 0
670 671 6 0
671 606 8 0
607 672 5 0
672 673 2 0
673 674 4 0
674 675 2 0
675 569 1 0
569 676 2 0
676 677 2 0
677 678 2 0
678 679 3 0
679 680 4 0
680 681 1 0
681 682 4 0
682 549 3 0
549 683 4 0
683 684 3 0
684 685 2 0
685 686 2 0
686 687 2 0
687 688 3 0
688 689 3 0
689 690 3 0
690 691 2 0
691 692 1 0
692 693 4 0
693 694 3 0
694 695 2 0
695 696 3 0
697 698 4 0 0
698 699 1 0
699 700 2 0
700 701 4 0
701 702 3 0
702 703 3 0
703 704 2 0
704 705 1 0
705 706 3 0
706 707 3 0
707 708 2 0
708 709 6 0 0
709 710 4 0 0
659 716 22 0
605 711 5 0
711 712 3 0
712 713 7 0
713 714 1 0
714 715 2 0
715 716 4 0
716 717 5 0
717 718 3 0
718 719 3 0
719 697 3 0
604 726 0 0
726 725 0 0
725 727 0 0
665 720 4 0
720 721 3 0
721 722 4 0
722 723 2 0
723 724 4 0
724 725 3 0
725 728 5 0
728 729 1 0
729 730 4 0
730 731 6 0
731 697 2 0
698 732 2 0
732 733 2 0
733 734 3 0
734 735 1 0
735 736 6 0
736 737 4 0
737 738 3 0
738 739 3 0
739 740 2 0 0
740 741 5 0
742 743 5 0
743 744 2 0
744 745 7 0
745 746 5 0
746 708 4 0
710 747 9 0
747 748 3 0
748 749 3 0
749 739 3 0
750 751 3 0
751 752 3 0
752 30 14 0
753 754 7 0
754 755 4 0
755 756 4 0
756 757 6 0
757 758 6 0
758 759 3 0
759 760 5 0
760 761 8 0
761 762 2 0
58 57 4 0
57 763 6 0
763 764 5 0
764 765 3 0
765 766 3 0
766 767 7 0
767 768 4 0
768 769 3 0
769 770 2 0
770 771 5 0
771 772 5 0
772 773 9 0
776 777 3 0
128 774 5 0
774 775 5 0
775 776 7 0
776 778 7 0
778 779 4 0
779 780 7 0
780 781 4 0
781 782 5 0
782 783 7 0
783 762 8 0
762 784 3 0
784 785 5 0
785 786 3 0
786 787 7 0
787 788 3 0
788 789 3 0
789 790 7 0
799 800 6 0
800 801 6 0
1 24 3 0
25 791 2 0
791 792 4 0
792 793 8 0
793 794 2 0
794 795 3 0
795 796 2 0
796 797 3 0
797 798 9 0
798 799 8 0
799 801 12 0
801 776 10 0
802 803 6 0
803 780 6 0
780 804 10 0
804 805 5 0
805 806 9 0
806 807 7 0
807 808 5 0
808 809 6 0
809 810 9 0
32 811 36 0
811 812 8 0
812 813 7 0
813 814 3 0
814 815 4 0
815 816 3 0
816 817 6 0
817 818 6 0
818 819 6 0
819 820 7 0
820 821 5 0
821 822 4 0
822 823 1 0
823 824 11 0
824 825 9 0
825 826 4 0
826 827 6 0
827 828 9 0
828 829 6 0
829 830 8 0
830 831 3 0
831 832 3 0
832 833 5 0
833 834 6 0
834 835 7 0
835 836 6 0
836 837 5 0
837 838 3 0
838 839 4 0
839 840 3 0
840 841 5 0
841 842 5 0
842 843 3 0
843 844 5 0
844 845 9 0
845 846 6 0
846 847 9 0
847 848 4 0
848 849 2 0
849 850 3 0
850 851 8 0
851 852 6 0
852 853 6 0
853 854 3 0
854 855 4 0
855 856 3 0
856 857 4 0
790 858 6 0
858 859 7 0
859 860 3 0
860 861 4 0
861 862 5 0
862 863 4 0
863 864 2 0
864 865 2 0
865 866 6 0
866 810 7 0
790 867 2 0 0
867 868 3 0
868 869 4 0
869 870 9 0
870 871 4 0
871 872 6 0
872 873 4 0
873 874 2 0
874 875 3 0
875 876 3 0
876 877 3 0
877 878 8 0
878 879 12 0
879 880 6 0
880 881 9 0
857 856 4 0 0
856 855 3 0
855 854 4 0
854 853 3 0
853 882 1 0
882 883 1 0
883 884 5 0
884 885 3 0
885 886 5 0
886 887 4 0
810 888 4 0
888 889 8 0
889 890 5 0
890 891 7 0
891 892 6 0
892 893 6 0
893 894 5 0
894 895 8 0
895 896 5 0
896 850 9 0
790 897 6 0
897 898 6 0
898 899 4 0
899 900 3 0
900 901 4 0
901 902 6 0
902 903 7 0
903 904 5 0
904 905 3 0
905 906 4 0
906 907 3 0
907 908 4 0
908 909 5 0
909 910 4 0
910 911 4 0
911 912 3 0
912 913 5 0
913 914 2 0
914 915 5 0
915 916 6 0
916 857 6 0 0
30 917 5 0 0
917 918 2 0
918 919 4 0
919 920 4 0
920 921 5 0
921 922 4 0
922 923 3 0
923 924 3 0
924 925 7 0
925 926 6 0
926 927 5 0
927 928 5 0
928 929 13 0
1 29 19 0
917 930 5 0
930 931 4 0
931 932 8 0
932 933 6 0
933 742 9 0
742 934 6 0
934 935 5 0
935 936 5 0
936 937 6 0
937 938 4 0
938 939 6 0
939 940 3 0
940 929 4 0
929 790 4 0
867 941 6 0
941 942 5 0
942 943 7 0
943 944 5 0
944 945 6 0
945 946 9 0
946 947 9 0
947 948 6 0
948 949 7 0
949 950 6 0
950 951 3 0
951 916 5 0
857 952 7 0
952 953 4 0
953 954 2 0
954 955 4 0
955 956 4 0
956 957 2 0
957 958 4 0
958 959 2 0
959 960 5 0
960 961 4 0
961 962 3 0
962 963 3 0
963 964 3 0
964 965 3 0
965 966 5 0
966 967 3 0
967 968 3 0
984 985 2 0 0
985 986 3 0
986 987 2 0
987 988 3 0
988 989 5 0
989 990 5 0
990 991 7 0
991 992 5 0
992 993 9 0
993 994 3 0
857 969 10 0
969 970 5 0
970 971 6 0
971 972 5 0
972 973 6 0
973 974 5 0
974 975 7 0
975 976 8 0
976 977 6 0
977 978 9 0
978 979 5 0
979 980 6 0
980 981 5 0
981 982 2 0
982 983 6 0
983 984 3 0
985 995 5 0
995 996 4 0
996 997 7 0
997 998 1 0
998 999 6 0
999 1000 3 0
1000 1001 3 0
1001 1002 5 0
1002 1003 9 0
742 1004 4 0
1004 1005 2 0
1005 1006 3 0
1006 1007 6 0
1007 1008 9 0
1008 1009 9 0
1009 1010 7 0
1010 1011 7 0
1011 1012 7 0
1012 1013 5 0
1013 879 4 0
879 1014 4 0
1014 878 8 0
878 1015 8 0
1015 1016 3 0
1016 1017 5 0
1017 1018 3 0
1018 1019 8 0
1019 1020 6 0
1020 979 5 0
979 1021 10 0
1021 1022 9 0
1022 1023 12 0
1023 1024 7 0
1024 1025 4 0
1025 968 7 0
968 1026 6 0
1026 1027 4 0
1027 1028 6 0
1028 1029 5 0
1029 1030 4 0
1030 1031 2 0
1031 1032 9 0
1032 1033 4 0
1033 1034 2 0
1034 1035 3 0
1035 1036 6 0
1036 1037 3 0
1037 1038 3 0
857 1039 6 0
1039 1040 5 0
1040 1041 4 0
1041 1042 6 0
1042 1043 10 0
1043 1044 5 0
1044 1045 7 0
1045 1027 6 0
1027 1046 9 0
1046 1047 8 0
1047 1048 4 0
1048 1049 5 0
1049 1050 4 0
1050 1051 5 0
1051 1052 2 0
1052 1053 3 0
1053 1054 5 0
1054 1055 5 0
1055 1056 7 0
1056 1057 2 0
1057 1058 6 0
1058 1059 4 0
1059 1060 3 0
1060 1061 5 0
984 1062 5 0
1062 1063 3 0
1063 1064 7 0
1064 1065 7 0
1065 1066 2 0
1066 1067 4 0
1067 1068 2 0
1068 1069 4 0
1069 1070 2 0
1070 1071 5 0
1071 1072 2 0
1072 1073 3 0
1073 1074 2 0
1074 1050 3 0
878 1075 7 0
1075 1076 3 0
1076 1077 6 0
1077 1078 2 0
1078 1079 4 0
1079 1080 5 0
1080 1081 6 0
1081 1082 3 0
1082 1083 5 0
1083 946 7 0
1055 1084 6 0
1084 1085 6 0
1085 1086 5 0
1086 1087 4 0
1038 1088 8 0
1088 1089 9 0
1089 1090 5 0
1090 1091 3 0
1061 1092 4 0
1092 1093 4 0
1093 1094 4 0
1094 1095 3 0
1095 1096 3 0
1096 1097 5 0
1097 1098 4 0
1098 1099 6 0
1099 1100 3 0
1100 1101 6 0
1101 1102 4 0
1102 1103 6 0
1103 1104 9 0
1061 1105 4 0
1105 1106 4 0
1106 1107 3 0
1107 1108 1 0
1108 1109 3 0
1109 1110 1 0
1110 1111 4 0
1111 1112 6 0
1112 1113 3 0
1113 1114 3 0
1114 1115 1 0
1115 1116 7 0
1117 1118 7 0
1118 1119 4 0
1119 1120 3 0
1120 1121 5 0
1121 1122 5 0
1122 1123 2 0 0
1061 1124 11 0
1124 1125 6 0
1125 1126 4 0
1126 1127 5 0
1127 1128 6 0
1128 1129 6 0
1129 1130 2 0
1130 1131 4 0
1131 1117 8 0
1117 1132 10 0
1132 1133 3 0
1133 1134 9 0
857 1135 6 0 0
1135 1136 1 0
1136 1137 3 0
1137 1138 4 0
1138 1139 7 0
1139 1140 4 0
1140 1141 5 0
1141 1142 4 0
1142 1143 9 0
1143 1144 10 0
1144 1145 2 0
1145 1038 11 0
1038 1146 5 0 0
1146 1147 4 0 0
1147 1148 9 0
1148 1149 7 0
1149 1150 5 0
1150 1151 7 0
1151 1152 9 0
1152 1104 13 0
1104 1153 6 0
1153 1134 6 0
1134 1154 15 0
1154 1155 2 0
1155 1156 5 0
1156 1157 2 0
1157 1122 2 0
1135 1158 2 0
1158 1159 6 0
1159 1160 7 0
1160 1161 2 0
1161 1162 4 0
1162 1163 4 0
1163 1164 5 0
1164 1165 5 0
1165 1166 11 0
1166 1167 3 0
1167 1168 4 0
1168 1169 7 0
1169 1170 9 0
1170 1171 3 0 0
1171 1172 10 0
1172 1173 7 0
1173 1174 5 0
1038 1175 0 0
1175 1176 12 0
1176 1177 3 0
1177 1178 3 0
1178 1179 5 0
1179 1180 7 0
1180 1181 2 0
1181 1170 5 0
1147 1182 7 0
1182 1183 7 0
1183 1184 8 0
1184 1185 4 0
1185 1186 6 0
1186 1187 7 0
1187 1188 15 0
1188 1189 11 0
1189 1190 13 0
1190 1191 5 0
1191 1192 4 0
1192 1193 7 0
1193 1194 5 0
1194 1195 14 0
1195 1196 2 0
9 1197 78 0
1197 1198 45 0
1198 1199 9 0
1199 1200 4 0
1200 1201 10 0
1201 1202 9 0
1202 1203 9 0
1203 1204 9 0
1204 1205 7 0
1205 1206 5 0
1206 1207 17 0
1207 1208 2 0
1208 1209 5 0
1209 1210 5 0
1210 1211 4 0
1211 1212 4 0
1212 1213 8 0
1213 1214 4 0
1214 1215 4 0
1215 1216 5 0
1216 1217 3 0
1217 1218 7 0
1218 1219 7 0
1219 1220 6 0
1220 1221 6 0
1221 1222 7 0
1222 1223 4 0
1223 1224 6 0
1224 1225 3 0
1225 1226 2 0
1226 1227 5 0 0
1227 1228 3 0 0
1228 1229 5 0
1229 1230 2 0
1230 1231 7 0
1231 1232 5 0
1232 1233 6 0
1233 1234 5 0
1234 1235 4 0
1235 1236 5 0
1236 1237 8 0
1237 1238 5 0
1238 1239 6 0
1239 1240 4 0
1240 1241 5 0
1241 1242 8 0
1242 1243 6 0 0
1243 1244 11 0
1244 1245 6 0
1245 1246 5 0
1246 1247 5 0
1247 1248 5 0
1248 1249 10 0
1249 1250 7 0
1250 1251 9 0
1251 1252 8 0
1252 1253 9 0
1253 1254 12 0
1254 1255 3 0
1255 1256 8 0
777 1257 10 0
1257 1258 10 0
1258 1259 5 0
1259 1260 7 0
1260 1261 5 0
1261 1262 7 0
1262 773 11 0
773 1263 7 0
1263 1264 5 0
1264 1265 10 0
1265 1266 6 0
1266 1267 5 0
1267 1268 5 0
1268 1269 5 0
1269 1270 1 0
1270 819 5 0
819 1271 9 0
1271 1272 12 0
1272 1273 12 0
1273 1274 10 0
1274 1275 8 0
1275 1276 8 0
1276 1277 11 0
1277 1278 11 0
1278 1279 9 0
1279 1280 11 0
1280 1281 12 0
1281 1282 11 0
1282 1283 6 0
1283 1284 6 0
1284 1285 11 0
1285 1286 7 0
777 1294 11 0
1294 1295 8 0
1295 1296 9 0
1296 1297 6 0
1297 1298 6 0
1298 1299 6 0
1299 1300 6 0
1300 1301 9 0
1301 1302 3 0
1302 1303 8 0
1303 1304 7 0
1304 1305 8 0
1305 1306 4 0
1306 1307 3 0
1307 1308 3 0
1308 1293 6 0
810 1287 7 0
1287 1288 5 0
1288 1289 5 0
1289 1290 7 0
1290 1291 7 0
1291 1292 5 0
1292 1293 5 0
1293 1309 7 0
1309 1310 11 0
1310 1311 9 0
1311 1312 3 0
1312 1313 7 0
1313 1314 4 0
1314 835 5 0
835 1315 10 0
1315 1316 6 0
1316 1317 5 0
1317 1318 7 0
1318 1319 6 0
1319 1320 6 0
1320 1321 7 0
1321 1322 7 0
1322 1323 9 0
1323 1324 5 0
1324 1325 3 0
1325 1326 10 0
1326 1327 9 0
1327 1328 5 0
1328 1329 4 0
1329 1330 6 0
1330 1331 4 0
1331 1332 2 0
1332 1228 3 0
850 849 3 0
849 848 2 0
848 847 4 0
847 1333 16 0
1333 1334 8 0
1334 1335 4 0
1335 1336 5 0
1336 1337 9 0
1337 1338 4 0
1338 1339 2 0
1339 1340 7 0
1340 1341 4 0
1341 1342 5 0
1342 1343 6 0
1343 1344 6 0
1344 1345 3 0
1345 1321 7 0
1321 1346 7 0
1346 1347 4 0
1347 1348 7 0
1348 1349 9 0
1349 1350 5 0
1350 1351 4 0
1351 1218 6 0
1218 1352 6 0
1352 1353 4 0
1353 1354 4 0
1354 1355 3 0
1355 1356 7 0
1321 1357 5 0
1357 1358 5 0
1358 1359 2 0
1359 1360 3 0
1360 1361 5 0
1361 1362 3 0
1362 1363 3 0
1363 1364 2 0
1364 1365 4 0
1365 1366 5 0
1366 1367 3 0
1367 1368 4 0
1368 1369 4 0
1369 1370 4 0
1370 1371 7 0
1371 1372 5 0
1372 1373 7 0
1373 1374 6 0
1374 1375 6 0
1375 1376 6 0
1376 1377 4 0
1377 1378 3 0
1378 1379 2 0
1379 1380 3 0
1380 1381 3 0
1381 1382 3 0
1382 1383 4 0
1383 1384 3 0
1384 1385 4 0
1385 1386 7 0
1386 1387 5 0
1387 1388 4 0
1388 1389 4 0
1389 1242 2 0
856 1390 2 0
1390 1391 4 0
1391 1392 4 0
1392 1393 2 0
1393 1394 4 0
1394 1395 6 0
1395 1396 6 0
1396 1397 5 0
1397 1398 11 0
1398 1399 4 0
1399 1400 4 0
1400 1401 8 0
1401 1402 12 0
1402 1403 6 0
1403 1404 4 0
1404 1373 10 0
1373 1405 8 0
1405 1406 4 0
1406 1407 5 0
1407 1408 5 0
1408 1409 5 0
1409 1410 6 0
1410 1411 4 0
1411 1412 6 0
1412 1413 4 0
1413 1414 4 0
1414 1415 3 0
1415 1416 3 0
1416 1417 5 0
1417 1418 3 0
1418 1228 4 0
1228 1418 4 0
1418 1417 3 0
1417 1419 4 0
1419 1420 5 0
1420 1421 4 0
1421 1422 4 0
1422 1423 8 0
1423 1424 7 0
1424 1425 6 0
1425 1426 7 0
1426 1427 7 0
1427 1428 4 0
1428 1429 3 0
1429 1430 4 0
1430 1431 4 0
1431 1385 7 0
1243 1432 4 0
1432 1433 6 0
1433 1434 11 0
1434 1435 6 0
1435 1436 8 0
1436 1437 9 0
1437 1438 5 0
1438 1439 3 0
1439 1440 5 0
1440 1441 10 0
1441 1442 10 0
1442 1443 12 0
1443 1444 5 0
1444 1445 3 0
1253 1446 6 0
1446 1447 6 0
1447 1448 9 0
1448 1449 9 0
1449 1450 7 0
1450 1451 4 0
1451 1452 10 0
1452 1453 3 0
1453 1454 4 0
1454 1455 8 0
1228 1456 9 0
1456 1457 4 0
1457 1458 4 0
1458 1459 3 0
1459 1460 3 0
1460 1461 7 0
1461 1462 0 0
1462 1463 0 0
1463 1464 5 0
1464 1465 4 0
1465 1466 12 0
1466 1467 4 0
1467 1468 7 0
1468 1469 5 0
1469 1470 7 0
1470 1471 7 0
1471 1472 5 0
1472 1473 4 0
1473 1474 2 0
1474 1475 4 0
1475 1476 15 0
1476 1477 7 0
1477 1478 8 0
1478 1479 5 0
1479 1480 14 0
1480 1481 5 0
1481 1482 5 0
1482 1483 6 0
1483 1484 6 0
1484 1485 4 0
1485 1486 7 0
1486 1487 5 0
1487 1488 4 0
1488 1489 7 0
1489 1490 8 0
1490 1491 8 0
1491 1492 7 0
1492 1493 14 0
1493 1494 8 0
1494 1495 4 0
1495 1496 5 0
1496 1497 3 0
1497 1498 5 0
1498 1499 5 0
1499 1500 6 0
1243 1501 6 0
1501 1502 4 0
1502 1503 4 0
1503 1504 2 0
1504 1505 4 0
1505 1455 10 0
1455 1506 7 0
1506 1507 5 0
1507 1508 7 0
1508 1509 8 0
1509 1510 4 0
1510 1511 5 0
1511 1512 2 0
1512 1513 2 0
1513 1514 3 0
1514 1515 1 0
1516 1517 6 0
1517 1518 5 0
1518 1519 8 0
1519 1520 8 0
1520 1521 5 0
1521 1522 4 0
1522 1523 4 0
1523 1515 3 0
1515 1524 14 0
1524 1525 7 0
1525 1526 5 0
1526 1527 3 0
1527 1528 7 0
1528 1529 10 0
1529 1530 7 0
1530 1531 7 0
1531 1532 11 0
1532 1533 12 0
1533 1534 5 0
1534 1535 7 0
1535 1536 5 0
1536 1537 9 0
1537 1475 9 0
1174 1538 3 0
1538 1539 6 0
1539 1540 8 0
1540 1541 9 0
1541 1542 12 0
1542 1373 7 0
1373 1372 5 0
1372 1543 13 0
1543 1544 8 0
1544 1545 3 0
1545 1546 4 0
1546 1547 4 0
1547 1548 4 0
1548 1549 6 0
1549 1550 4 0
1550 1551 4 0
1551 1552 7 0
1552 1553 2 0
1553 1340 7 0
1340 1554 6 0
1554 1555 5 0
1555 1556 3 0
1556 1557 4 0
1557 1558 4 0
1558 835 6 0
1174 1559 6 0
1559 1560 3 0
1560 1561 2 0
1561 1562 3 0
1562 1563 5 0
1563 1564 12 0
1564 1565 8 0
1565 1566 10 0
1566 1567 12 0
1567 1437 6 0
1437 1568 7 0
1568 1569 3 0
1569 1570 3 0
1570 1571 10 0
1571 1572 5 0
1572 1573 7 0
1573 1574 6 0
1574 1575 10 0
1575 1576 10 0
1576 1577 3 0
1577 1578 4 0
1578 1579 4 0
1579 1454 6 0
1454 1580 2 0
1580 1516 9 0
1581 1582 12 0
1582 1583 5 0
1583 1584 2 0
1584 1585 5 0
1585 1586 4 0
1586 1587 2 0
1587 1588 11 0
1588 1589 5 0
1589 1189 7 0
1189 1590 6 0
1590 1591 4 0
1591 1592 2 0
1592 1593 5 0
1593 1594 7 0
1594 1595 4 0
1595 1596 5 0
1596 1597 6 0
1597 1134 3 0
1190 1598 9 0
1598 1599 8 0
1599 1600 5 0
1600 1601 6 0
1228 1602 7 0
1602 1603 6 0
1603 1604 5 0
1604 1605 7 0
1605 1606 5 0
1606 1607 4 0
1607 1608 9 0
1608 1609 9 0
1609 1610 8 0
1610 1611 11 0
1611 1612 7 0
1612 1531 6 0
1531 1613 7 0
1613 1614 7 0
1614 1615 3 0
1615 1616 6 0
1616 1617 9 0
1617 1618 5 0
1618 1619 7 0
1619 1620 6 0
1620 1621 5 0
1621 1622 7 0
1622 1623 7 0
1623 1624 5 0
1624 1625 3 0
1625 1626 2 0
1626 1627 4 0
1627 1628 7 0
1628 1629 25 0 0
1629 1630 15 0 0 0
1628 1631 4 0
1631 1632 4 0
1632 1633 4 0
1633 1634 7 0
1634 1635 9 0
1635 1636 7 0
1636 1630 5 0 0
1650 1649 2 0
1475 1637 8 0
1637 1638 4 0
1638 1639 6 0
1639 1640 3 0
1640 1641 7 0
1641 1642 2 0
1642 1643 7 0
1643 1644 6 0
1644 1645 8 0
1645 1646 4 0
1646 1647 4 0
1647 1648 8 0
1648 1649 5 0
1649 1651 5 0
1651 1652 4 0
1652 1653 6 0
1653 1654 9 0
1654 1655 5 0
1655 1656 5 0
1656 1657 6 0
1657 1658 3 0
1658 1659 4 0
1659 1660 4 0
1660 1661 6 0
1661 1628 7 0 0
1677 1629 7 0
1516 1662 11 0
1662 1663 7 0
1663 1664 6 0
1664 1665 5 0
1665 1666 5 0
1666 1667 4 0
1667 1668 7 0
1668 1669 7 0
1669 1670 7 0
1670 1671 4 0
1671 1672 6 0
1672 1673 5 0
1673 1674 5 0
1674 1675 3 0
1675 1676 3 0
1676 1677 7 0
1677 1636 7 0
1678 1679 19 0
1679 1630 5 0 0
1680 1679 10 0
1695 1696 5 0
1696 1697 3 0
1697 1698 4 0
1698 1694 5 0
1681 1682 1 0
1682 1683 3 0
1683 1684 3 0
1684 1685 7 0
1685 1686 2 0
1686 1687 6 0
1687 1688 3 0
1688 1689 4 0
1689 1690 4 0
1690 1691 2 0
1691 1692 5 0
1692 1693 2 0
1693 1694 6 0
1694 1699 7 0
1699 1700 9 0
1700 1701 8 0
1701 1702 7 0
1702 1703 8 0
1703 1704 3 0
1704 1705 5 0
1705 1629 7 0
1500 1706 8 0
1706 1707 3 0
1707 1708 3 0
1708 1709 4 0
1709 1710 6 0
1710 1711 6 0
1711 1712 13 0
1712 1713 6 0
1713 1714 8 0
1714 1715 10 0
1715 1716 9 0
1716 1717 6 0
1717 1718 4 0
1718 1719 6 0
1719 1702 8 0
1720 1721 12 0 0
1721 1722 32 0
1722 1723 36 0
1723 1724 6 0
1724 1725 2 0
1725 1726 11 0
1726 1727 4 0
1727 1728 3 0
1728 1729 7 0
1729 1730 10 0
1730 1731 8 0
1731 1732 9 0
1732 1733 5 0
1733 1734 5 0
1734 1735 9 0
1735 1736 9 0
1736 1737 11 0
1737 1738 8 0
1738 1739 12 0
1739 1740 4 0
1740 1741 5 0
1741 1742 5 0
1742 1743 4 0
1743 1493 6 0
1493 1744 8 0
1744 1745 9 0
1745 1746 7 0
1746 1747 9 0
1747 1748 10 0
1748 1749 4 0
1749 1750 7 0
1750 1751 8 0
1751 1752 4 0
1752 1753 6 0
1753 1754 11 0
1754 1755 5 0
1755 1756 5 0
1756 1757 6 0
1757 1661 5 0
1731 1758 6 0
1758 1759 2 0
1759 1760 2 0
1760 1761 4 0
1761 1762 3 0
1763 1764 6 0
1739 1763 9 0
1763 1765 3 0
1765 1766 3 0
1766 1767 3 0
1767 1768 2 0
1768 1769 4 0
1769 1770 5 0
1770 1771 2 0
1771 1500 12 0
1484 1772 10 0
1772 1773 9 0
1773 1774 9 0
1774 1775 10 0
1775 1776 7 0
1776 1777 11 0
1777 1778 6 0
1778 1779 6 0
1779 1780 2 0
1780 1781 3 0
1781 1782 3 0
1782 1783 6 0
1783 1784 6 0
1784 1785 5 0
1785 1786 6 0
1786 1787 2 0
1787 1731 4 0
1735 1788 6 0
1788 1789 5 0
1789 1790 2 0
1790 1791 6 0
1792 1793 8 0
1793 1794 7 0
1794 1795 11 0
1795 1796 6 0
1796 1797 7 0
1797 1798 7 0
1798 1799 8 0
1799 1800 3 0
1800 1484 5 0
1484 1801 6 0
1801 1802 10 0
1802 1803 9 0
1803 1161 6 0
1161 1804 6 0
1804 1805 7 0
1805 1806 4 0
1806 1807 4 0
1807 1808 5 0
1808 1809 4 0
1809 1810 5 0
1810 1811 3 0
1811 1812 9 0
1812 1813 6 0
1813 1752 4 0
1814 1815 5 0
1815 1816 3 0
1816 1817 5 0
1817 1818 6 0
1818 1819 8 0
1819 1820 5 0
1820 1821 4 0
1821 1822 4 0
1822 1823 5 0
1823 1824 7 0
1824 1825 4 0
1825 1826 4 0
1826 1827 5 0
1827 1828 3 0
1828 1226 3 0
1818 1829 5 0
1829 1830 5 0
1830 1462 9 0
11 1831 56 0 0
1831 1832 38 0 0
1832 1833 32 0 0
1833 1834 16 0
1834 1835 7 0
1835 1836 4 0
1836 1837 5 0
1837 1838 4 0
1838 1839 2 0
1839 1840 5 0
1840 1841 2 0
1841 1842 3 0
1842 1843 5 0
1843 1844 6 0
1844 1845 6 0
1845 1846 8 0
1846 1847 5 0
1847 1848 3 0
1848 1849 8 0
1849 1850 6 0
1850 1851 7 0
1851 1852 10 0
1852 1853 7 0
1853 1854 4 0
1854 1855 9 0
1855 1856 6 0
1856 1857 4 0
1857 1858 5 0
1858 1859 2 0 0
1859 1860 4 0
1860 1861 3 0
1861 1862 7 0
1862 1863 3 0
1863 1720 32 0 0
1720 1864 5 0
1864 1865 4 0
1865 1721 3 0
1721 1866 4 0
1866 1867 5 0
1859 1861 7 0
1861 1868 13 0
1868 1869 12 0
1870 1871 2 0 0 0 0
1871 1872 2 0 0
1286 1873 6 0
1873 1874 5 0
1874 1875 4 0
1875 1876 6 0
1876 1877 12 0
1877 1870 2 0
1871 1878 8 0
1878 1879 4 0
1879 1880 5 0
1880 1881 2 0
1881 1882 5 0
1882 1883 7 0
1883 1884 7 0
1884 1885 9 0
1885 1886 9 0
1886 1887 9 0
1887 1888 5 0
1888 1889 6 0
1889 1890 8 0
1890 1847 8 0
1847 1891 9 0
1891 1892 5 0
1892 1893 6 0
1893 1894 10 0
1894 1895 5 0
1895 1896 4 0
1896 1897 8 0
1897 1898 7 0
1898 1899 6 0
1899 1900 7 0
1900 1901 2 0 0 0
1871 1902 6 0
1902 1903 5 0
1903 1904 6 0
1904 1905 5 0
1905 1906 6 0
1906 1907 6 0
1907 1908 7 0
1908 1909 6 0
1909 1910 6 0
1910 1911 5 0
1911 1912 6 0
1912 1913 5 0
1913 1914 5 0
1914 1915 6 0
1915 1916 8 0
1916 1917 5 0
1917 1918 3 0
1918 1919 6 0
1919 1920 10 0
1920 1921 7 0
1921 1922 8 0
1922 1923 5 0
1923 1924 6 0
1924 1925 7 0
1925 1926 8 0
1926 1927 6 0
1927 1831 9 0
1872 1928 8 0
1928 1929 2 0
1929 1930 6 0
1930 1931 4 0
1931 1932 7 0
1932 1933 4 0
1933 1934 3 0
1934 1935 7 0
1935 1936 5 0
1936 1937 5 0
1937 1938 5 0
1938 1939 2 0
1939 1940 6 0
1940 1941 7 0
1941 1942 7 0
1942 1943 4 0
1943 1944 6 0
1944 1945 3 0
1945 1946 5 0
1946 1947 9 0
1947 1948 5 0
1948 1949 7 0
1949 1950 3 0
1950 1951 4 0
1951 1952 2 0
1952 1858 8 0
1953 1954 4 0
1954 1955 2 0
1955 1956 2 0
1956 1957 2 0
1957 1958 3 0
1958 1959 1 0
1959 1960 5 0
1960 1961 6 0
1961 1962 4 0
1962 1963 3 0
1963 1964 5 0
1964 1965 2 0
1965 1966 4 0
1966 1931 4 0
1198 1967 3 0
1967 1968 6 0
1968 1969 6 0
1969 1970 6 0
1970 1971 8 0
1971 1972 6 0
1972 1973 4 0
1973 1974 7 0
1974 1975 7 0
1975 1976 5 0
1976 1977 8 0
1977 1978 7 0
1978 1979 6 0
1979 1915 8 0
811 1980 4 0 0
1980 1981 10 0
1981 1982 5 0
1982 1983 4 0
1983 1984 6 0
1984 1985 5 0
1985 1986 6 0
1986 1987 4 0
1987 1988 8 0
1988 1989 6 0
1989 1198 10 0
1198 1990 14 0
1990 1991 8 0
1991 1992 6 0
1992 1993 6 0
1993 1994 5 0
1994 1995 4 0
1995 1996 4 0
1996 1997 8 0
1997 1998 2 0
1998 1999 6 0
1999 2000 7 0
2000 2001 8 0
2001 2002 7 0
2002 2003 7 0
2003 2004 4 0
2004 2005 6 0
2005 2006 2 0
2006 1870 6 0
1870 1877 2 0
1877 2007 8 0
2007 2008 12 0
2008 2009 7 0
2009 2010 10 0
2010 1956 4 0
1956 1955 2 0
1955 1954 2 0
1954 1953 4 0
2011 2012 4 0
2012 2003 3 0
1792 2013 8 0
2013 2014 12 0
2014 2015 4 0
2015 2016 3 0
2016 2017 6 0
2017 2018 5 0
2018 2019 5 0
2019 2020 3 0
2020 2021 4 0
2021 2022 3 0
2022 2023 7 0
2023 2024 3 0
2024 2025 7 0
1953 2026 3 0
2026 2027 4 0
2027 2028 3 0
2028 2029 3 0
2029 2030 7 0
2030 2031 7 0
2031 2032 8 0
2032 2033 4 0
2033 2034 5 0
2034 2035 4 0
2035 2036 6 0
2036 2037 6 0
2037 2038 7 0
2038 2039 10 0
2039 1475 10 0
1863 2040 6 0
2040 2041 7 0
2041 2042 5 0
2042 2043 6 0
2043 2044 9 0
2044 2045 5 0
2045 2046 2 0
2046 2047 3 0
2047 2048 4 0
2048 2049 5 0
2049 2050 5 0
2050 2051 3 0
2051 2052 7 0
2052 2053 8 0
2053 2054 6 0
2054 2055 4 0
2055 2056 5 0
2056 1792 7 0
1792 2057 8 0
2057 2058 3 0
2058 2059 8 0
2059 2060 11 0
2060 2061 12 0
2061 2062 9 0
2062 2063 9 0
2063 2064 5 0
2064 2065 6 0
2065 2066 9 0
2066 1475 3 0
2078 2077 2 0
2067 2068 4 0
2068 2069 4 0
2069 2070 5 0
2070 2071 11 0
2071 2072 4 0
2072 2073 1 0
2073 2074 2 0
2074 2075 3 0
2075 2076 3 0
2076 2077 8 0
2077 2079 5 0
2079 2052 6 0
2052 2080 14 0
2080 2081 8 0
1228 1227 3 0
1227 2082 8 0
2082 2083 3 0
2083 2084 7 0
2084 2085 3 0
2085 2086 2 0
2086 2087 2 0
2087 2088 6 0
2088 2089 4 0
2089 2090 4 0
2090 1356 9 0
1356 467 8 0
467 2091 8 0
2091 2092 8 0
2092 2093 6 0
2093 2094 8 0
2094 2095 7 0
2095 1286 11 0
1286 2096 7 0
2096 2097 6 0
2097 2098 9 0
2098 2099 5 0
2099 2100 3 0
2100 2101 8 0
2101 1953 8 0
1953 2102 2 0
2102 2103 2 0
2103 2104 5 0
2104 2105 10 0
2105 2106 8 0
2106 2107 6 0
2107 2108 7 0
2108 2067 11 0
2067 2109 17 0
2109 2110 11 0
2110 2111 8 0
2111 2112 6 0
2112 2113 4 0
2113 2114 5 0
2114 2115 5 0
2115 2116 8 0
2116 2117 7 0
2117 1863 6 0
1721 1867 9 0
2125 2126 8 0
2126 2127 3 0
2127 2128 4 0
2128 2129 3 0
2129 2130 3 0
2130 2131 5 0
2131 2132 4 0
2132 2104 8 0
2104 2103 5 0
2103 2102 2 0
2102 1953 2 0
1792 2118 7 0
2118 2119 4 0
2119 2120 4 0
2120 2121 3 0
2121 2122 7 0
2122 2123 12 0
2123 2124 5 0
2124 2125 2 0
2125 2133 7 0
2133 2134 4 0
2134 2135 3 0
2135 2136 7 0
2136 2067 6 0
2067 2137 3 0
2137 2138 5 0
2138 2139 5 0
2139 2140 3 0
2140 2141 2 0
2141 1939 4 0
1939 2142 8 0
2142 2143 6 0
2143 2144 4 0
2144 2145 2 0
2145 2146 3 0
2146 1886 7 0
1886 2147 7 0
2147 2148 8 0
2148 2149 8 0
2149 2150 5 0
2150 2151 10 0
2151 2152 5 0
2152 2153 5 0
2153 2154 6 0
2154 2155 2 0
2155 2156 11 0
2156 2157 4 0
2157 2158 3 0
2158 1834 5 0
2125 2159 3 0
2159 2160 4 0
2160 2161 6 0
2161 2162 4 0
2162 2078 6 0
2078 2163 8 0
2163 2164 4 0
2164 2165 5 0
2165 2081 5 0
2081 2166 8 0
2166 2167 1 0
2167 2168 7 0
2168 2025 5 0
2025 2169 5 0
2169 2170 7 0
2170 2171 4 0
2171 2172 3 0
2172 2173 4 0
2173 2174 2 0
2174 2175 4 0
2175 2176 4 0
2176 2177 5 0
2177 2178 3 0
2178 2179 3 0
2179 2180 3 0
2180 2181 4 0
2181 2182 6 0
2182 1867 10 0
1867 2183 6 0 0
2183 2184 5 0 0
2184 2185 4 0 0
2185 2186 5 0
2186 2187 4 0
2187 2188 3 0
2188 2189 4 0
2189 2190 5 0
2190 2191 8 0
2191 2192 0 0
2192 2193 6 0
2193 2194 6 0
2194 2195 6 0
2195 2196 2 0
2196 2197 3 0
2197 2198 10 0
2184 2199 7 0
2199 2200 3 0 0
2200 2201 1 0 0
2201 1722 1 0 0
1722 2202 5 0
2202 2203 6 0
2203 2204 5 0
2204 2205 4 0
2205 2206 7 0
2206 1723 9 0
1723 2207 2 0
2207 2208 2 0
2208 2209 4 0
2209 2210 7 0
2210 2211 4 0
2211 2212 8 0
2212 2213 5 0
1863 2214 6 0
2214 2215 4 0
2215 2216 2 0
2216 2217 3 0
2217 2218 3 0
2218 2219 3 0
2219 2220 5 0
2220 2221 2 0
2221 1720 4 0
1720 2222 2 0
2222 2223 1 0
2223 1864 2 0
1864 2224 1 0
2224 2225 1 0
2225 1865 2 0
1865 2226 1 0
2226 2227 1 0
2227 1721 1 0
1721 2228 2 0
2228 1866 2 0
1866 2229 2 0
2229 2230 2 0
2230 2231 2 0
2231 2232 2 0
2232 2233 1 0
2233 2183 2 0
2183 2234 1 0
2234 2235 3 0
2235 2184 1 0
2185 2199 3 0
1833 2236 6 0 0
2236 1834 12 0
1834 2237 8 0
2237 2238 4 0
2238 2239 3 0
2239 2240 10 0
2240 2241 9 0
2241 2242 4 0
2242 2243 5 0
2243 2244 10 0
2244 2245 6 0
2245 2246 5 0
2246 2247 5 0
2247 2248 4 0
2248 1900 9 0
1901 1900 2 0
1900 2249 7 0
2249 2250 10 0
2250 2251 5 0
2251 2252 3 0
2252 2253 5 0
2253 2254 7 0
2254 2255 3 0
2255 2256 5 0
2256 2257 8 0
2257 2258 8 0
2258 2259 7 0
2259 2260 4 0
2260 2261 5 0
2261 2262 5 0
2262 2263 4 0
2263 2264 9 0
2271 2272 19 0
2272 2264 23 0
1867 1720 21 0
1720 1863 32 0
1863 1858 19 0
1858 2265 6 0
2265 2266 5 0
2266 2267 4 0
2267 2268 4 0
2268 2269 10 0
2269 2270 9 0
2270 2271 4 0
2271 2273 9 0
2273 2274 4 0
2274 2275 7 0
2275 2276 7 0
2276 2277 7 0
2277 2278 6 0
2278 2279 2 0
2279 2280 6 0
2280 2281 6 0
2281 2282 4 0
2282 2283 5 0
2283 2284 4 0
2284 2285 3 0
2285 2249 7 0
2249 1900 7 0
1901 2286 9 0
2286 2287 6 0
2287 2288 9 0
2288 2289 7 0
2289 2290 8 0
2290 2291 14 0
2291 2292 9 0
2292 2293 6 0
2293 2294 10 0
2294 2295 3 0
2295 2296 5 0
2296 2297 4 0
2297 2298 11 0
2298 2299 4 0
2299 2300 5 0
2300 2301 6 0
2301 2302 4 0
2302 2303 9 0
2303 2304 9 0
2304 2305 11 0
2305 2306 9 0
2306 2307 9 0
2289 2308 8 0
2308 2309 4 0
2309 2310 5 0
2310 2311 6 0
2311 2312 6 0
2312 2313 6 0
2313 2314 7 0
2314 2315 5 0
2315 2316 5 0
2316 2317 5 0
2317 2318 5 0
2318 2319 4 0
2319 2320 5 0
2320 2321 5 0
2321 2322 5 0
2322 2323 6 0
2323 2324 8 0
2324 2325 6 0
2325 2326 6 0
2326 2327 7 0
2327 2328 5 0
2328 2307 3 0
1901 2329 11 0
2329 2330 6 0
2330 2331 10 0
2331 2332 8 0
2332 2333 10 0
2333 2334 8 0
2334 2335 3 0
2335 2336 5 0
2336 2337 3 0
2337 2338 6 0
2338 2339 7 0
2339 2340 6 0
2340 2341 3 0
2341 2342 8 0
2342 2343 8 0
2343 2307 56 0
2344 2345 4 0
2345 2346 3 0
2346 2347 4 0
2347 2348 4 0
2348 2349 4 0
2349 2350 2 0
2350 2351 5 0
2351 2352 5 0
2352 2353 5 0
2353 2354 5 0
2354 2355 4 0
2355 2356 6 0
2356 2357 7 0
2357 2358 9 0
2358 2359 8 0
2360 2344 34 0
2344 2361 50 0 0
2390 2391 7 0
2391 2392 5 0
2392 2393 4 0
2393 2394 27 0
11 2344 39 0
2361 2362 9 0
2362 2363 3 0
2363 2364 3 0
2364 2365 9 0
2365 2366 7 0
2366 2367 2 0
2367 2368 7 0
2368 2369 4 0
2369 2370 4 0
2370 2371 5 0
2371 2372 6 0
2372 2373 4 0
2373 2374 4 0
2374 2375 2 0
2375 2376 4 0
2376 2377 3 0
2377 2378 4 0
2378 2379 1 0
2379 2380 4 0
2380 2381 1 0
2381 2382 4 0
2382 2383 8 0
2383 2384 6 0
2384 2385 4 0
2385 2386 4 0
2386 2387 3 0
2387 2388 5 0
2388 2389 5 0
2389 2390 6 0
2390 2395 9 0
2395 2396 4 0
2396 2397 7 0
2397 2398 10 0
2398 2399 3 0
2399 2400 9 0
2400 2401 5 0
2401 2402 3 0
2402 2403 5 0
2403 2404 12 0
2404 2405 3 0
2405 2406 5 0
2406 2407 8 0
2407 2408 8 0
2408 2409 8 0
2382 2410 5 0
2410 2411 4 0
2411 2412 4 0
2412 2413 3 0
2413 2414 6 0
2414 2415 7 0
2415 2416 4 0
2416 2417 5 0
2417 2418 6 0
2418 2419 9 0
2419 2420 5 0
2420 2421 13 0
2421 2422 4 0
2422 2423 8 0
2423 2424 6 0
2424 2425 5 0
2425 2426 7 0
2426 2307 3 0
2409 2427 5 0
2427 2428 7 0
2428 2429 7 0
2429 2430 4 0
2430 2431 3 0
2431 2432 4 0
2432 2433 4 0
2433 2434 9 0
2434 2435 7 0
2435 2436 6 0
2436 2437 5 0
2437 2438 3 0
2438 2307 7 0
2409 2439 9 0
2439 2440 6 0
2440 2441 3 0
2441 2442 8 0
2442 2443 37 0
2444 2445 3 0
2445 2446 2 0
2446 2447 3 0
2447 2448 2 0
2448 2449 5 0
2449 2450 2 0
2450 2451 3 0
2451 2452 8 0
2452 2453 2 0
2453 2454 6 0
2454 2455 3 0
2455 2456 5 0
2456 2457 6 0
2457 2458 6 0
2458 2459 6 0
2459 2460 3 0
2460 2461 3 0
2461 2462 7 0
2462 2463 5 0
2463 2464 3 0
2464 2465 5 0
2465 2466 3 0
2466 2467 5 0
2467 2468 6 0
2468 2469 7 0
2469 2470 3 0
2470 2471 5 0
2471 2472 7 0
2473 2474 6 0
2474 2475 7 0
2475 2476 7 0
2476 2477 12 0
2477 2478 8 0
2478 2479 5 0
2479 2480 8 0
2480 2481 4 0
2481 2482 5 0
2482 2483 11 0
2483 2484 3 0
2484 2485 6 0
2485 2486 8 0
2486 2487 5 0
2487 2488 4 0
2488 2489 5 0
2489 2490 5 0
2490 2491 7 0
2491 2492 3 0
2492 2493 8 0
2493 2494 6 0
2494 2495 2 0
2495 2496 4 0
2496 2497 4 0
2497 2498 7 0
2498 2444 3 0
2499 2482 14 0
2482 2500 6 0
2500 2501 7 0
2501 2502 6 0
2502 2503 4 0
2503 2504 5 0
2504 2505 4 0
2505 2506 8 0
2506 2507 8 0
2507 2508 7 0
2508 2509 2 0
2509 2510 7 0
2510 2511 8 0
2511 2382 6 0
11 2512 23 0
2512 2513 27 0
2513 2514 6 0
2514 2515 5 0
2515 2516 5 0
2516 2517 2 0
2517 2518 4 0
2518 2519 4 0
2519 2520 6 0
2520 2521 4 0
2521 2522 3 0
2522 2523 5 0
2523 159 5 0
159 2524 4 0
2524 2525 7 0
2525 2526 7 0
2526 2527 3 0
2527 2528 2 0
2528 2529 4 0
2529 2530 5 0
2530 2531 6 0
2531 2532 4 0
2532 2533 3 0
2533 2534 4 0
2534 2535 2 0
2535 2536 4 0
2536 2537 6 0
2537 2538 3 0
2538 2539 7 0
2539 2540 2 0
2540 2541 9 0
2541 2542 2 0
2542 2543 3 0
2543 2544 2 0
2544 2545 4 0
2545 2546 5 0
2546 2547 6 0
2547 2548 4 0
2548 2549 5 0
2549 2550 3 0
2550 2551 6 0
2551 2552 4 0
2552 2553 9 0
2553 2554 8 0
2554 2555 0 0
2555 2556 6 0
2556 2557 5 0
2557 2558 7 0
2558 2559 5 0
2559 2560 7 0
2452 2561 18 0
2561 2562 5 0
2562 2563 6 0
2563 2564 6 0
2564 2565 10 0
2565 2566 8 0
2566 2567 9 0
2567 2568 5 0
2568 2569 5 0
2569 2570 6 0
2570 2571 5 0
2571 2572 6 0
2572 2573 6 0
2573 2574 3 0
2574 2575 4 0
2575 2540 6 0
2540 2539 3 0
2452 2576 4 0
2576 2577 11 0
2577 2578 3 0
2578 2579 5 0
2579 2580 5 0
2580 2581 3 0
2581 2582 4 0
2582 2583 8 0
2583 2584 9 0
2584 2585 4 0
2585 159 6 0
2594 2593 9 0
2552 2586 9 0
2586 2587 5 0
2587 2588 4 0
2588 2589 14 0
2589 2590 5 0
2590 2591 6 0
2591 2592 5 0
2592 2593 6 0
2593 2595 3 0
2595 2596 4 0
2596 2597 6 0
2597 2598 8 0
2598 2599 12 0
2599 2600 6 0
2600 2601 7 0
2601 2602 6 0
2602 2603 6 0
2603 2604 7 0
2604 2605 4 0
2605 2606 7 0
2606 332 6 0
332 2607 8 0
2539 2608 9 0
2608 2609 4 0
2609 2610 3 0
2610 2611 5 0
2611 2612 4 0
2612 2613 4 0
2613 2614 5 0
2614 2615 2 0
2615 2616 4 0
2616 2617 5 0
2617 2618 5 0
2618 2619 6 0
2619 2620 3 0
2620 2621 3 0
2621 2622 5 0
2622 2623 6 0
2623 2624 6 0
2624 2625 12 0
2625 2626 5 0
2626 2627 4 0
2627 238 3 0
2598 2628 8 0
2628 2629 5 0
2629 2630 4 0
2630 2631 6 0
2631 2632 5 0
2632 2633 8 0
2633 2634 7 0
2634 2635 6 0
2635 2636 8 0
2636 2637 6 0
2637 2638 8 0
33 2666 7 0
2666 2665 5 0
2668 811 23 0
11 2639 1 0 0 0
2639 2640 2 0 0 0
2640 2641 2 0 0
2641 10 0 0 0
10 2642 2 0
2642 9 2 0 0
9 2643 3 0 0
2643 2644 3 0
2644 2645 3 0
2645 2646 3 0
2646 2647 7 0
2647 2648 3 0
2648 8 4 0
8 2649 6 0
2649 2650 4 0
2650 2651 4 0
2651 2652 7 0
2652 2653 1 0
2653 2654 4 0
2654 2655 5 0
2655 31 5 0
31 2656 6 0
2656 2657 4 0
2657 2658 5 0
2658 2659 4 0
2659 2660 5 0
2660 2661 3 0
2661 2662 3 0
2662 2663 4 0
2663 32 6 0
32 2664 2 0
2664 2665 5 0
2665 2667 3 0
2667 2668 3 0
2668 2669 2 0
2669 2670 6 0
2670 2671 3 0
2671 2672 3 0
1980 2673 7 0
2673 2674 4 0
2674 2675 3 0
2675 2676 4 0
2676 2677 4 0
2677 2678 5 0
2678 2679 5 0
2679 2680 5 0
2680 2681 6 0
2681 2682 6 0
2682 2683 6 0
2683 1197 3 0
1197 2684 6 0
2684 2685 4 0
2685 2686 4 0
2686 2687 3 0
2687 31 5 0
2688 2689 7 0
2689 2690 8 0
2690 2691 7 0
2691 2692 7 0
2692 2513 4 0
2513 2693 5 0
2693 2694 6 0
2694 2695 8 0
2695 2696 6 0
2696 2697 6 0
2697 2698 6 0
2698 2699 5 0
2699 2700 6 0
2700 2701 16 0
2641 2642 2 0 0
2642 2702 5 0
2702 2703 2 0
2703 2704 1 0
2704 2705 1 0
2705 2706 2 0
2706 2707 4 0
2707 2708 2 0
2708 2709 2 0
2709 2710 3 0
2710 2711 5 0
2711 2712 4 0
2712 2713 3 0
2713 2714 1 0
2714 2715 4 0
2715 2716 2 0
2716 2717 4 0
2717 2718 3 0
2718 2719 3 0
2719 129 4 0
129 2720 6 0
2720 2721 5 0
2721 2722 7 0
2722 2723 7 0
2723 2724 3 0
2724 2725 2 0
2725 2726 6 0
2726 130 10 0
2640 10 2 0
10 2641 0 0 0
2643 2727 2 0
2727 2728 2 0
2728 2729 5 0
2729 2730 6 0
2730 2731 7 0
2731 2732 3 0
2732 2733 3 0
2733 2734 4 0
2734 2735 3 0
2735 2736 6 0
2736 2737 7 0
2737 2738 4 0
2738 2739 4 0
2739 2740 3 0
2740 2741 2 0
2741 2742 5 0
2742 2743 5 0
2743 1197 4 0
1197 2744 6 0
2744 2745 7 0
2745 2746 6 0
2746 2747 8 0
2747 2748 8 0
2748 2749 6 0
2749 1198 4 0
2751 2752 2 0
2752 2753 2 0
2753 2754 2 0
2754 2755 2 0 0
2755 2750 1 0 0
11 2750 5 0
2750 2756 2 0 0
2756 2757 3 0 0
2757 2758 2 0 0
2758 2759 3 0 0
2759 2760 6 0 0
2760 2761 2 0
2761 2762 2 0
2762 2763 7 0
2763 2764 3 0
2764 2765 5 0
2765 2766 4 0
2766 2767 5 0
2767 2768 2 0
2768 1831 5 0
1831 2769 4 0
2769 2770 2 0
2770 2771 5 0
2771 2772 4 0
2772 2773 4 0
2773 2774 6 0
2774 2775 10 0
2775 1832 3 0
1832 2776 8 0
2776 2777 4 0
2777 2778 3 0
2778 2779 4 0
2779 2780 5 0
2780 2781 5 0
2781 1833 3 0
2236 2782 4 0
2782 1834 8 0
2760 2783 2 0
2783 2784 2 0
2784 2785 1 0
2785 2786 4 0
2786 2787 4 0
2787 2788 6 0
2788 2789 12 0
2789 2344 6 0
9 2642 2 0 0 0
2642 2641 2 0 0
2641 2640 2 0 0
2640 2639 2 0 0 0
2639 2792 8 0
2792 2793 7 0
2793 2791 2 0
2360 2790 7 0
2790 2791 4 0
2791 2794 3 0
2794 2795 2 0
2795 2796 2 0
2796 2797 1 0
2797 2798 3 0
2798 2799 2 0
2799 2800 4 0
2800 2801 3 0
2801 2802 6 0
2802 2803 2 0
2803 2804 5 0
2804 2805 6 0
2805 2806 2 0
2806 2807 3 0
2807 2808 5 0
2808 2809 5 0
2809 2810 4 0
2810 2811 9 0
2811 2361 6 0
2642 10 2 0
2639 11 1 0 0
11 2792 7 0
2792 2812 5 0
2812 2813 2 0
2813 2814 1 0
2814 2815 2 0
2815 2816 4 0
2816 2817 3 0
2817 2818 3 0
2818 2819 1 0
2819 2820 3 0
2820 2821 5 0
2821 2822 2 0
2822 2823 4 0
2823 2824 4 0
2824 2825 3 0
2825 2826 5 0
2826 2827 5 0
2827 2828 5 0
2828 2829 4 0
2829 2830 5 0
2830 2831 8 0
2831 2832 4 0
2832 2444 3 0
10 2640 2 0
11 2833 4 0
2833 2834 2 0
2834 2835 2 0
2835 2836 1 0
2836 2837 2 0
2837 2838 2 0
2838 2839 2 0
2839 2840 1 0
2840 2841 2 0
2841 2842 1 0
2842 2843 2 0
2843 2512 2 0
2512 2844 3 0
2844 2845 2 0
2845 2846 3 0
2846 2847 3 0
2847 2848 2 0
2848 2849 3 0
2849 2850 3 0
2850 2851 4 0
2851 2513 4 0
2871 2872 1 0
2872 2873 1 0
2852 2853 1 0
2853 2854 2 0
2854 2855 1 0
2855 2856 2 0
2856 2857 2 0
2857 2858 1 0
2858 2859 2 0
2859 2860 1 0
2860 2861 2 0
2861 2862 1 0
2862 2863 1 0
2863 2864 1 0
2864 2865 2 0
2865 2866 1 0
2866 2867 1 0
2867 2868 1 0
2868 2869 2 0
2869 2870 1 0
2870 2871 1 0
2871 2874 1 0
2874 2875 2 0
2875 2876 1 0
2876 2877 1 0
2877 2878 1 0
2878 2879 1 0
