1 2 2
2 3 1
3 4 4
4 5 5
5 6 1
6 7 3
7 8 1
8 9 5
9 10 3
10 11 4
11 12 3
12 13 4
13 14 4
14 15 2
15 16 2
16 17 3
17 18 5
18 19 4
19 20 5
20 21 4
21 22 3
22 23 2
23 24 3
24 25 4
25 26 5
26 27 4
27 28 6
28 29 1
29 30 4
30 31 3
31 32 2
34 35 2
33 36 3
36 37 2
37 37 0
37 38 4
38 39 2
39 40 2
40 41 1
41 42 2
42 43 2
43 44 5
44 45 4
45 46 2
46 47 5
47 48 4
48 49 2
49 50 5
50 51 3
51 52 4
52 53 3
53 54 2
54 55 3
55 56 1
56 1 1
51 57 4
57 58 1
58 59 1
59 60 1
60 61 2
61 62 1
62 63 1
63 64 1
64 65 2
65 66 3
65 67 2
67 68 1
68 69 4
69 70 4
1 71 1
71 72 2
72 73 2
73 74 4
74 75 2
75 76 1
76 77 1
77 70 3
70 78 2
78 79 3
79 80 2
80 81 1
81 82 2
82 83 4
83 84 3
84 85 5
85 86 2
11 87 3
87 88 2
88 89 3
89 90 2
90 91 3
91 92 3
92 93 1
93 94 4
91 95 3
95 96 2
96 97 3
97 98 5
99 98 2
98 100 3
100 101 2
101 102 1
102 103 1
103 104 3
104 105 2
105 19 4
19 106 2
106 107 2
107 108 5
108 109 4
109 110 5
32 111 6
111 112 6
112 113 2
113 114 3
114 115 5
115 116 4
116 117 5
117 118 3
118 119 1
119 120 2
120 121 2
121 122 3
25 123 3
123 124 2
124 125 3
125 126 1
126 127 3
127 128 2
128 129 1
129 130 1
130 131 2
131 132 1
132 133 2
133 134 2
134 135 1
111 136 8
136 137 4
138 139 4
139 140 4
141 142 4
142 143 3
143 144 2
144 145 5
145 146 6
146 147 4
147 148 4
148 149 4
149 150 3
150 151 3
151 152 3
152 138 3
139 153 1
153 154 2
154 155 3
155 156 1
156 157 5
157 158 4
158 159 5
159 160 3
160 161 5
161 110 3
110 162 5
162 163 4
163 164 1
164 25 6
160 165 3
165 166 3
166 167 2
167 168 3
168 169 1
169 170 3
170 171 3
171 172 2
172 173 3
173 174 3
174 175 2
175 176 6
176 177 4
177 178 3
167 179 1
179 180 2
180 181 2
181 182 3
182 183 1
183 184 5
184 185 1
170 186 3
186 187 2
187 188 3
188 189 3
189 190 5
190 191 4
192 193 2
28 194 3
194 195 2
195 196 2
196 197 1
197 198 2
198 178 4
178 199 5
199 200 4
200 201 2
201 202 4
202 203 3
203 192 3
192 204 5
204 205 2
205 206 1
206 207 2
207 208 2
208 209 1
209 210 2
210 211 1
211 212 1
212 213 2
213 214 2
204 215 4
215 216 2
216 217 7
217 218 4
218 219 3
220 221 3
222 223 2
160 224 8
224 225 3
225 226 4
226 227 2
227 228 2
228 229 2
229 230 1
230 231 4
231 232 2
232 221 3
221 233 4
233 234 2
234 235 2
235 236 2
236 237 2
237 238 2
238 239 2
239 240 3
240 241 3
241 242 3
242 243 1
243 244 3
244 245 3
245 246 2
246 222 3
222 247 2
247 248 1
248 249 4
249 250 3
250 251 3
251 252 1
252 253 1
226 254 3
254 255 2
256 257 2
257 258 6
258 259 3
259 260 4
260 261 7
261 262 6
262 263 3
263 264 4
264 265 3
265 266 3
266 267 5
267 268 5
268 269 3
269 270 2
270 271 4
271 272 3
272 273 7
273 274 4
274 275 2
275 276 5
276 277 3
277 278 5
278 279 4
279 280 2
280 281 4
281 282 6
282 283 4
283 284 2
284 285 6
285 286 5
15 287 2
287 288 2
288 289 5
289 290 3
290 291 2
291 292 1
292 140 1
140 154 6
154 293 4
293 294 2
294 295 4
295 296 2
296 297 3
297 256 2
256 298 5
298 299 4
299 300 3
300 220 6
220 301 3
301 302 4
302 303 3
303 304 3
304 305 2
305 306 2
306 307 3
307 308 2
308 309 4
309 310 4
310 311 1
311 312 3
313 314 3
314 315 1
315 316 2
316 317 1
318 319 3
319 320 1
320 321 1
321 322 4
322 323 3
323 324 3
324 273 2
286 325 2
325 326 2
326 327 1
327 328 2
328 329 4
329 330 1
330 331 1
331 332 1
332 333 1
333 334 1
334 335 3
335 313 1
313 336 1
336 337 1
337 338 1
338 339 1
339 340 2
340 318 1
318 341 1
341 342 1
342 343 1
343 344 1
344 345 1
345 346 2
346 347 5
347 348 1
348 349 6
349 350 6
350 351 3
286 352 4
352 353 2
353 354 5
354 355 3
355 356 7
356 357 5
357 358 6
358 359 3
359 360 2
360 361 2
361 362 0
356 363 2
363 364 1
364 365 2
365 366 1
357 367 2
367 368 2
368 369 2
369 370 2
370 371 1
371 372 3
372 373 2
373 374 5
374 375 2
375 376 2
147 377 5
377 378 3
378 379 3
379 380 3
380 381 3
381 382 5
382 383 5
383 384 7
384 385 3
385 386 3
386 387 8
387 388 1
388 267 3
267 389 4
389 390 2
390 391 2
391 392 6
392 393 5
393 394 3
394 395 4
395 396 3
396 397 2
397 398 1
398 399 4
399 400 4
400 401 3
401 402 5
402 312 2
154 403 3
403 404 3
404 405 3
405 406 3
406 407 2
407 408 3
408 409 2
409 410 1
410 411 3
411 412 4
412 413 2
413 383 6
383 414 2
414 415 2
415 416 2
416 417 3
417 418 4
418 419 4
419 420 3
420 421 2
421 422 4
422 423 3
423 424 1
424 425 2
425 426 1
426 427 2
427 428 2
428 429 1
429 430 2
430 431 2
431 432 4
432 277 1
392 433 4
433 434 2
434 435 1
435 436 2
436 437 2
437 438 2
438 439 2
439 440 3
440 441 2
442 443 2
310 444 2
444 445 5
445 446 3
446 442 3
442 447 3
447 448 2
394 449 2
449 450 2
312 451 3
451 452 1
452 453 1
453 454 2
454 455 3
408 456 2
456 457 4
457 458 0
458 459 1
459 460 1
460 461 2
461 295 1
311 462 1
462 463 2
463 464 2
464 465 3
465 466 4
466 467 4
467 468 2
468 469 3
469 470 3
470 471 4
471 472 2
472 244 2
49 473 3
473 474 2
474 475 4
475 476 4
476 477 2
476 478 4
477 478 3
478 479 4
479 480 3
480 481 5
481 482 3
482 483 1
483 484 2
484 485 4
485 486 3
486 487 1
487 488 3
488 489 2
489 490 1
490 491 2
491 492 3
492 493 2
493 419 3
147 494 6
494 495 2
495 496 2
496 497 4
497 498 7
498 499 2
499 500 2
500 482 1
501 502 5
502 503 1
503 504 2
504 505 3
505 506 2
506 507 1
507 508 4
508 509 2
509 486 2
510 511 1
511 512 2
512 513 2
513 514 2
514 515 3
515 516 3
516 501 5
517 518 3
518 519 3
519 520 2
520 521 2
521 522 3
522 523 4
523 524 2
524 501 2
501 525 4
525 526 3
526 527 2
527 528 3
528 529 3
529 423 3
423 530 2
530 531 2
531 532 3
532 533 2
533 534 3
534 535 3
535 536 2
536 537 2
537 267 2
36 538 1
538 539 2
33 540 3
540 539 3
539 541 6
541 542 2
542 543 2
543 544 3
544 545 4
545 546 3
546 547 2
547 548 2
548 549 4
549 550 3
550 551 3
551 552 3
552 553 4
553 554 2
554 555 2
555 556 6
556 557 3
557 558 8
558 517 4
517 559 5
559 510 4
512 560 4
560 561 5
561 562 2
562 563 3
563 277 4
478 564 4
564 565 3
565 566 2
566 567 5
567 568 2
568 569 2
569 570 3
570 571 1
571 517 5
572 573 3
573 574 4
574 575 4
575 576 5
576 577 2
577 551 5
551 578 7
578 579 3
579 580 3
580 581 5
581 582 6
582 583 6
583 584 6
584 585 4
585 586 5
586 587 1
587 588 5
588 589 6
589 590 1
590 591 4
591 592 9
592 593 2
592 594 4
594 595 2
595 596 2
596 597 2
597 598 4
598 599 4
599 600 2
600 601 1
601 602 1
602 603 3
603 604 3
605 606 1
606 607 2
607 608 3
608 609 1
609 610 1
610 611 4
611 612 3
612 613 4
613 614 2
614 615 2
615 549 1
517 616 8
616 617 2
617 618 2
618 619 3
619 620 1
620 621 2
621 622 3
622 623 2
623 624 2
624 625 3
625 626 3
626 627 2
627 628 5
628 629 1
629 630 2
630 631 4
631 632 2
632 579 2
510 633 2
633 634 4
634 635 1
635 636 3
636 637 4
637 638 5
638 639 5
639 640 6
640 641 2
641 642 4
642 643 3
643 644 6
644 645 2
645 646 6
646 647 4
647 648 5
648 649 6
649 650 2
651 652 3
652 653 3
653 654 4
654 655 4
655 656 2
656 657 5
657 658 3
658 650 6
650 659 5
659 660 4
660 661 3
661 662 2
662 663 6
603 664 2
664 665 2
665 666 1
666 667 1
667 651 2
651 668 2
668 669 4
669 670 2
670 671 1
671 672 4
672 673 6
673 644 1
663 674 5
674 675 3
675 676 2
676 677 2
677 678 3
678 679 2
679 680 2
680 681 2
681 682 2
682 683 2
683 684 2
684 685 0
662 686 3
686 687 2
663 688 2
688 689 2
689 687 2
687 690 2
690 691 4
691 692 3
692 681 3
643 693 4
693 694 1
644 693 5
694 695 2
695 696 1
696 697 6
697 698 2
698 699 2
699 700 2
700 701 3
701 702 4
702 703 3
703 704 3
704 705 5
705 706 4
706 707 2
707 708 2
708 709 4
709 710 2
710 711 2
711 286 4
588 712 1
713 714 2
714 712 2
712 715 2
715 716 2
716 717 1
717 718 3
718 719 3
719 720 5
720 721 2
721 722 4
722 723 4
723 724 4
724 725 2
725 726 3
726 727 5
727 644 6
663 728 3
728 729 3
729 730 1
730 731 1
732 733 2
733 734 1
734 735 1
660 736 3
736 737 2
737 738 3
738 732 3
732 739 1
739 740 17
740 741 2
741 742 4
742 743 3
743 744 4
744 745 3
745 746 2
746 747 2
747 748 1
748 286 6
749 593 2
750 751 3
751 752 2
752 753 2
753 754 3
754 755 3
755 756 5
756 757 3
757 758 5
758 759 4
759 760 3
760 761 3
761 762 3
762 763 5
763 764 3
764 765 2
765 766 2
766 767 2
767 768 2
768 713 2
713 769 2
769 770 2
770 771 3
771 772 2
772 773 4
773 749 8
749 774 1
774 775 3
775 776 2
776 777 2
777 778 1
778 779 1
779 780 3
780 781 4
781 782 1
782 783 3
783 604 3
540 784 2
784 785 1
785 786 1
34 787 2
787 786 3
786 788 1
788 789 3
789 790 3
790 791 4
791 792 1
792 793 1
793 794 2
794 795 1
795 796 3
796 750 3
549 797 4
797 798 3
798 799 3
799 800 5
800 750 2
750 801 2
801 802 3
802 803 2
803 804 4
804 805 2
805 806 3
806 807 2
807 808 1
808 809 2
809 810 1
810 811 3
755 812 3
755 813 3
813 814 4
814 815 2
815 816 3
816 817 2
817 818 2
818 819 3
819 820 3
820 821 4
821 822 4
822 823 2
823 824 1
825 826 5
826 827 3
827 828 3
828 829 1
829 830 2
830 831 2
831 832 2
832 833 3
762 834 1
834 835 3
835 836 1
836 837 3
837 838 4
838 817 2
817 825 2
713 839 2
839 840 4
840 841 3
841 842 2
842 843 3
843 844 3
844 845 3
845 846 1
846 847 1
847 848 2
848 849 2
849 850 3
850 851 2
851 852 2
852 853 3
853 854 2
603 855 2
604 856 2
856 855 2
855 857 3
857 858 2
858 859 1
859 860 2
750 861 3
861 862 1
862 863 2
863 864 2
864 865 1
865 866 2
866 867 2
867 868 3
868 869 1
869 870 3
870 871 5
871 824 5
824 872 4
872 873 3
873 874 2
874 875 2
875 876 3
876 877 5
877 878 8
878 879 2
879 880 4
861 881 3
881 882 2
882 883 2
713 884 2
884 885 2
885 886 3
886 887 2
887 888 3
888 889 1
889 890 4
890 891 2
891 892 3
892 893 3
893 894 3
894 895 3
895 896 2
896 897 5
897 898 3
898 899 3
900 901 1
885 902 2
902 903 4
903 904 2
904 833 2
833 905 1
905 906 2
906 907 3
907 908 2
908 909 3
909 910 2
910 911 1
911 912 3
912 880 3
880 913 1
913 914 1
914 915 2
915 916 5
916 900 2
900 917 1
34 918 2
918 919 4
919 920 0
920 921 4
921 922 3
922 923 4
923 924 1
924 925 3
925 926 3
926 927 3
927 811 4
811 928 4
928 929 2
929 930 4
930 931 3
931 932 3
932 933 4
933 934 5
934 935 4
935 936 4
936 937 6
937 938 3
924 939 2
939 940 2
940 941 1
941 942 3
942 943 2
943 944 3
944 945 5
945 946 2
946 947 2
947 948 3
948 867 4
33 949 3
949 950 1
950 951 5
952 951 5
951 953 3
953 954 2
954 955 2
955 956 3
956 957 3
957 923 1
924 958 1
958 959 1
959 960 2
960 961 1
961 962 2
898 963 5
963 964 5
964 965 1
965 966 3
966 901 3
901 917 1
917 967 4
967 968 2
968 969 3
969 970 2
970 971 2
972 973 1
973 974 2
936 975 5
975 976 3
976 977 3
977 978 5
978 979 5
979 980 2
980 981 6
981 982 3
982 983 2
983 984 2
984 985 1
985 970 4
970 986 1
986 987 3
987 988 3
988 989 2
989 990 2
990 991 3
991 972 5
973 992 5
975 993 5
993 994 2
994 995 2
995 996 1
996 997 2
938 998 9
998 999 3
999 1000 4
1000 1001 2
1001 1002 2
1002 1003 3
1003 1004 4
1004 1005 5
1005 1006 3
1006 1007 2
1007 1008 2
1008 1009 1
1009 1010 2
1010 915 2
880 1011 1
1011 1012 2
1012 1013 6
1013 1014 6
1014 898 7
774 593 1
593 1015 4
1015 1016 3
1016 1017 4
1017 1018 3
1018 854 2
853 1019 3
1019 1020 4
1020 1021 2
1021 1022 3
1022 1023 3
1023 1024 2
1024 1025 4
1025 1026 2
1026 899 4
899 1027 9
1027 1028 7
1028 1029 4
1029 1030 1
1030 1031 2
1031 1032 1
1032 992 1
593 1033 3
1033 1034 2
1034 1035 3
1035 1036 1
1036 1037 2
1037 1038 2
1038 1039 2
1039 849 2
849 1040 2
1040 1041 4
1041 1042 2
1042 1043 1
1043 1044 1
1044 1023 2
604 1045 1
1045 1046 2
1046 1047 1
1047 1048 2
1048 1049 2
1049 1050 2
1050 1051 1
1051 1052 2
1052 1053 3
1053 1054 6
1054 1055 4
1055 1056 2
1056 1057 2
1057 1058 1
1058 1059 1
1059 1060 3
1060 1061 1
1061 1019 4
1062 1030 2
1019 1063 4
1063 1064 1
1064 1065 2
1065 1066 2
1066 1067 2
1067 1068 2
899 1069 7
1069 1070 3
1070 1071 4
1071 1067 1
1067 1072 1
1072 1073 4
1073 1074 2
1074 1075 3
1075 1076 2
1076 1077 4
1077 1078 5
1078 1079 2
1079 1080 2
992 1081 4
1081 1082 10
1082 1083 5
1083 1084 3
1084 1085 1
1085 1086 1
1086 1087 4
1087 1088 6
1088 1089 5
1089 1090 2
1090 1091 4
1091 1092 4
1092 1093 2
1093 1094 3
1094 1095 2
1095 1096 2
1096 1097 1
992 974 4
974 1098 1
1098 1099 8
1099 1100 4
1100 1101 2
1101 1102 4
1102 1103 3
1103 1104 3
1104 1105 3
1105 1106 6
1106 1107 6
1107 1108 7
1108 1109 5
1109 1110 3
1110 1111 2
1111 1112 3
1112 1113 6
1113 1114 2
1114 1115 7
1115 1116 3
1116 1117 4
1117 1118 2
1118 1119 3
1119 1120 1
1120 1121 5
1121 1122 3
1122 1123 6
1123 1124 5
1125 1110 3
1109 1126 2
1126 1127 2
1127 1128 2
1128 1129 2
1129 1130 1
1130 1131 2
1111 1132 1
1132 1133 6
1133 1134 3
1134 1135 2
1135 1136 2
1136 1137 2
1137 1138 2
1138 1139 3
1139 1140 2
1140 1141 3
1141 1142 2
1142 1143 3
1143 1144 3
1144 1145 5
1145 1146 2
1146 1147 1
1133 1148 2
1148 1149 2
1149 1113 2
1114 1150 1
1150 1151 2
1151 1152 1
1152 1153 2
1153 1154 2
1154 1155 3
1155 1156 2
1156 1157 6
1116 1158 2
1158 1159 1
1159 1160 3
1160 1161 2
1161 1162 5
1162 1163 5
1163 1164 3
1164 1165 3
1165 1166 1
1166 1167 3
1123 1168 2
1168 1169 2
1169 1170 2
1170 1171 2
1171 1172 5
1172 1173 4
1173 1174 2
1174 1175 2
1176 1177 5
1177 1178 3
1178 1179 6
1179 1180 2
1123 1176 4
1124 1181 6
1181 1176 1
1176 1182 9
1182 1183 3
1183 1184 9
1184 1185 2
1185 1186 2
1186 1187 3
1187 1188 2
1188 1189 3
1189 1190 4
1125 1191 3
1191 1192 1
1192 1193 3
1193 1194 3
1194 1195 1
1195 1196 3
1196 1157 1
1157 1197 2
1197 1198 3
1198 1199 6
1199 1200 2
1200 1201 4
1201 1202 2
1202 1203 3
1203 1204 4
1204 1205 2
1205 1206 3
1206 1207 5
1207 1208 2
971 986 1
1209 1210 3
1210 1211 3
1211 1212 2
1212 1213 2
1213 1214 5
1214 1215 3
1215 1216 4
1216 1217 5
1217 1218 6
1218 1219 2
1219 1220 3
1220 1221 2
1221 1222 6
1222 1223 4
1223 1224 5
1224 1225 4
1225 1226 4
1226 1227 3
1227 1228 4
1228 1229 5
1229 1230 8
1230 1231 6
1231 1232 4
1232 1233 2
1233 1234 4
1234 1235 4
1235 971 2
938 1236 1
1236 1237 1
1237 1238 5
1238 1239 1
1239 1240 2
1240 1241 2
1241 1242 2
1242 1243 2
1243 1244 4
1244 1245 3
1245 1225 4
1225 1246 2
1246 1247 2
1247 1248 2
1248 1249 2
1249 1250 3
1250 1251 4
1251 1252 5
1252 1253 2
1253 1254 3
1254 1255 4
1255 1256 3
1256 1257 5
1257 1258 3
1258 1259 4
1259 1260 5
1260 1261 4
1261 1198 8
1262 1263 5
1263 1221 7
1236 1264 4
1264 1265 2
1265 1266 5
1266 1267 3
1267 1268 3
1268 1269 4
1269 1270 3
1270 1262 2
1252 1271 8
1271 1272 1
1272 1273 5
1273 1274 3
1275 1276 2
1276 1277 2
1277 1278 5
1278 1279 5
1279 1280 2
1281 1282 2
1282 1283 2
1283 1284 2
1284 1231 2
1099 1285 5
1285 1275 1
1275 1280 16
1280 1286 2
1286 1287 3
1287 1287 0
1287 1288 3
1288 1289 1
1290 1291 3
1291 1292 2
1292 1293 4
1293 1294 3
1294 1295 3
1295 1296 4
1296 1297 6
1297 1298 4
1298 1299 1
1299 1300 3
1300 1301 3
1301 1302 3
1302 1303 4
1303 1304 5
1304 1305 4
1305 1306 2
1306 1307 3
1307 1308 2
1308 1309 9
1309 1209 3
1209 1310 1
1310 1311 3
1311 1312 2
1312 1313 2
1313 1314 3
1314 1315 6
1315 1316 3
1316 1317 3
1317 1318 4
1318 1319 2
1319 1320 4
1320 1321 5
1321 1322 4
1322 1323 6
1323 1324 7
1324 1325 5
1325 1326 4
1326 1327 5
1327 1208 7
1208 1328 3
1328 1329 4
1329 1330 6
1330 1331 3
1331 1332 4
1332 1333 3
1333 1334 3
1334 1124 4
1335 1336 0
1336 1337 1
1337 1338 1
1338 1339 1
1339 1340 2
949 1341 1
1341 1342 3
1342 1339 3
1339 1343 1
1343 1340 2
1340 1344 4
1344 1345 1
1345 1346 1
1346 1347 1
1347 1348 1
1348 1349 1
1349 1350 1
1350 1351 4
1351 1352 3
1352 1353 3
1353 1354 3
1354 1355 1
1355 1356 2
1356 1290 4
1352 1357 3
1357 1358 2
1358 1359 3
1359 1360 2
1360 1361 2
1361 1362 2
1362 1363 2
1363 1364 3
1364 1365 3
1365 1366 1
1366 1367 4
1341 1368 4
1368 1369 3
1369 1370 3
1370 1371 2
1371 1372 2
1372 962 2
962 1373 1
1373 1374 1
1374 1375 2
1375 1376 5
1376 1377 3
1377 1378 4
1378 1290 2
1378 1379 5
1379 1380 4
1380 1381 4
1381 1382 3
1382 1383 2
1383 1384 3
1384 1385 5
1385 1386 2
1386 1387 2
1387 1388 3
1388 1389 3
1389 1390 2
1390 938 4
1304 1391 1
1391 1392 2
1392 1393 2
1393 1394 1
1394 1395 2
1395 1396 1
1396 1397 2
1397 1398 2
1398 1399 3
1399 1400 2
1400 1401 2
1401 1402 2
1402 1403 2
1403 1404 3
1308 1405 1
1405 1406 2
1406 1407 2
1407 1408 1
1408 1409 1
1409 1410 1
1410 1411 2
1411 1412 2
1412 1413 2
1413 1414 3
1317 1415 3
1415 1416 4
1416 1417 2
1417 1418 3
1418 1419 3
1419 1420 3
1420 1421 2
1421 1422 1
1422 1423 3
1322 1424 4
1424 1425 4
1425 1426 4
1426 1427 3
1124 1428 4
1428 1429 6
1429 1430 1
1430 1431 1
1310 1432 2
1432 1433 5
1433 1434 3
1434 1435 3
1435 1436 5
1436 1437 2
1437 1438 1
1438 1439 4
1439 1440 3
1440 1441 5
1441 1442 2
1442 1443 4
1443 1444 4
1444 1445 4
1445 1446 4
1446 1447 1
1447 1448 6
1448 1449 1
1449 1450 4
1450 1451 3
1451 1452 3
1452 1453 4
1453 1454 1
1435 1455 1
1455 1456 3
1456 1457 2
1457 1458 1
1458 1459 3
1443 1460 5
1460 1461 2
1461 1462 1
1462 1463 4
1463 1464 3
1464 1465 2
1465 1466 2
1466 1467 1
1467 1468 2
1209 1469 1
1469 1470 2
1470 1471 4
1471 1472 4
1472 1473 3
1473 1474 4
1474 1475 3
1475 1476 4
1476 1477 3
1477 1478 3
1478 1479 4
1479 1480 3
1480 1481 3
1481 1482 3
1482 1483 4
1483 1484 4
1484 1485 4
1485 1486 4
1486 1487 3
1487 1488 4
1488 1489 7
1489 1490 7
1490 1491 5
1491 1492 4
1492 1493 3
1493 1494 1
1494 1495 3
1495 1496 0
1450 1497 1
1497 1498 1
1498 1499 2
1499 1500 3
1500 1501 3
1501 1502 2
1502 1503 2
1503 1468 3
1468 1504 6
1504 1505 2
1505 1506 2
1506 1507 2
1507 1508 3
1508 1509 1
1509 1510 5
1510 1511 1
1511 1512 4
1512 1513 4
1513 1514 3
1514 1427 4
1427 1515 4
1515 1516 3
1516 1517 4
1517 1518 3
1518 1519 1
1519 1520 3
1520 1521 2
1521 1522 3
1522 1326 7
1523 1524 3
1524 1525 5
1525 1526 5
1526 1527 6
1527 1528 5
1528 1529 2
1529 1530 4
1530 1531 6
1531 1532 4
1532 1533 4
1533 1534 2
1534 1535 3
1535 1536 3
1536 1537 1
1537 1538 3
1538 1483 2
1485 1539 3
1539 1540 2
1540 1541 3
1541 1542 3
1542 1543 3
1543 1544 2
1544 1545 4
1545 1546 2
1546 1547 2
1547 1548 3
1548 1448 5
1209 1549 5
1549 1550 5
1550 1551 3
1551 1404 3
1404 1552 4
1552 1553 3
1553 1554 1
1554 1555 4
1555 1556 2
1556 1557 1
1557 1558 3
1558 1559 4
1559 1560 3
1560 1561 3
1561 1562 3
1562 1563 4
1563 1564 4
1564 1523 4
1523 1565 4
1565 1566 3
1566 1567 3
1567 1568 2
1568 1569 5
1569 1570 4
1570 1571 3
1571 1572 3
1572 1573 4
1573 1574 2
1574 1575 3
1575 1576 4
1576 1577 2
1577 1578 3
1578 1579 2
1579 1580 4
1580 1581 4
1581 1582 3
1582 1583 4
1583 1584 6
1584 1585 7
1585 1586 2
1558 1587 2
1587 1588 2
1588 1589 3
1589 1590 3
1590 1591 2
1591 1592 2
1592 1593 3
1593 1594 1
1594 1595 2
1595 1596 5
1579 1597 2
1597 1598 2
1598 1599 2
1599 1600 3
1600 1601 3
1601 1602 6
1602 1603 3
1581 1604 5
1604 1605 1
1605 1606 1
1606 1607 2
1607 1608 2
1608 1609 2
1586 1610 3
1610 1611 5
1611 1612 3
1612 1613 2
1613 1614 2
1614 1615 3
1615 1616 2
1616 1617 2
1617 1618 2
1618 1619 2
1619 1620 3
1620 1621 1
1621 1622 1
1622 1623 5
1623 1624 4
1624 1625 6
1625 1626 7
1626 1627 2
1627 1628 3
1628 1629 2
1629 1630 3
1630 1631 3
1631 1632 2
1632 1633 4
1633 1634 3
1634 1635 3
1635 1636 6
1636 1637 4
1638 1639 4
1639 1640 4
1640 1641 1
1641 1642 2
1642 1643 1
1643 1644 3
1644 1645 4
1645 1646 2
1646 1647 1
1610 1648 5
1648 1649 3
1649 1650 3
1650 1651 4
1651 1652 3
1652 1653 2
1653 1654 3
1654 1655 5
1655 1656 2
1656 1657 7
1657 1658 3
1658 1659 3
1659 1638 4
1638 1660 7
1660 1661 1
1661 1662 1
1579 1663 4
1663 1664 3
1664 1665 3
1665 1666 2
1666 1667 4
1667 1668 2
1668 1669 5
1669 1670 4
1670 1671 2
1671 1672 4
1672 1673 3
1673 1674 2
1674 1675 3
1675 1676 4
1676 1677 2
1677 1678 9
1678 1679 4
1679 1637 2
1637 1680 4
1680 1681 4
1569 1682 3
1682 1683 2
1683 1684 1
1684 1685 1
1685 1686 2
1686 1687 2
1687 1688 3
1688 1689 4
1689 1690 2
1690 1691 3
1691 1692 3
1692 1693 1
1693 1694 5
1694 1695 3
1695 1696 7
1696 1697 6
1697 1698 3
1698 1699 3
1699 1700 3
1700 1701 4
1701 1702 1
1702 1703 3
1703 1678 6
1586 1704 3
1704 1705 6
1705 1706 7
1706 1707 2
1707 1708 3
1708 1709 3
1709 1710 3
1710 1711 5
1711 1712 5
1712 1713 5
1713 1714 8
1714 1715 1
1715 1716 1
1293 1717 5
1717 1367 4
1367 1718 5
1718 1719 4
1719 1720 3
1720 1721 3
1721 1722 3
1722 1723 3
1723 1724 7
1724 1725 3
1725 1726 3
1726 1727 3
1727 1728 2
1728 1729 3
1729 1730 4
1730 1731 2
1731 1732 3
1732 1733 4
1733 1734 3
1734 1735 5
1735 1736 3
1736 1737 7
1737 1738 3
1738 1739 3
1739 1740 2
1740 1741 4
1741 1742 3
1742 1576 6
1743 1744 6
1744 1745 3
1745 1746 1
1746 1747 4
1747 1748 3
1748 1749 6
1749 1750 3
1750 1751 3
1751 1752 3
1752 1753 2
1753 1754 3
1754 1755 3
1755 1756 5
1756 1757 4
1757 1758 3
1758 1759 4
1759 1740 4
1741 1573 4
1743 1760 4
1760 1761 2
1761 1762 1
1762 1763 4
1763 1764 1
1764 1765 2
1765 1766 1
1766 1767 2
1767 1768 2
1768 1769 2
1769 1770 2
1770 1771 1
1728 1772 6
1772 1773 3
1773 1774 3
1774 1775 5
1775 1776 4
1776 1596 2
1596 1777 4
1777 1778 5
1778 1779 1
1779 1780 4
1780 1781 1
1781 1782 3
1782 1783 1
1783 1784 2
1784 1785 3
1785 1569 3
1727 1786 2
1786 1787 2
1787 1788 1
1788 1789 2
1790 1791 2
1791 1792 0
1792 1793 2
1793 1794 3
1794 1795 2
1795 1796 2
1796 1797 2
1797 1798 3
1798 1799 1
1799 1800 4
1800 1801 3
1801 1802 3
1802 1803 4
1803 1804 1
33 1805 3
1805 1806 2
1806 1807 2
1807 1337 1
1337 1808 4
1808 1809 2
1809 1810 1
1810 1811 1
1811 1812 2
1812 1813 3
1813 1790 2
1792 1814 5
1814 1815 2
1815 1816 1
1816 1817 3
1817 1818 3
1818 1819 3
1819 1820 1
1820 1821 3
1821 1822 2
1822 1823 1
1823 1824 3
1824 1825 3
1825 1826 2
1826 1827 3
1827 1828 2
1828 1829 2
1829 1830 4
1830 1831 3
1831 1832 1
1832 1833 2
1833 1834 2
1834 1835 2
1835 1836 3
1836 1837 1
1837 1838 3
1838 86 2
86 1839 1
1839 1840 1
1840 1841 3
1841 1842 2
1842 1843 1
1843 1844 4
1844 1845 2
1845 1846 3
1846 1847 2
1847 1848 3
1848 1849 2
1849 1850 1
1850 1851 3
1851 1852 2
1852 1853 3
1853 1854 3
1854 1855 1
1855 1856 1
1856 1857 2
1857 1858 4
1858 1859 3
1859 1860 1
1860 1861 4
1861 1862 2
1862 1863 3
1863 1864 2
1864 1865 1
1865 1866 2
1866 1867 1
1868 1869 5
1869 1870 5
1870 1871 5
1871 1872 4
1872 1873 5
1873 1874 5
1874 1875 2
1875 1876 2
1876 1877 4
1877 1878 3
1878 1879 5
1879 1880 3
1880 1881 3
1881 1743 3
1743 1882 2
1882 1883 2
1883 1884 3
1884 1885 3
1885 1886 1
1886 1887 3
1887 1888 6
1888 1889 3
1889 1890 4
1890 1891 3
1891 1892 3
1892 1893 4
1893 1894 3
1894 1895 4
1895 1896 4
1896 1897 3
1897 1898 5
1898 1899 3
1899 1900 2
1900 1901 1
1901 1585 2
1805 1902 2
1902 1903 1
1903 1904 2
1904 1905 2
1805 1805 0
1905 1905 0
1905 1906 2
1906 1907 2
1907 1908 2
1908 1909 1
1909 1910 3
1910 1911 2
1911 1912 1
1912 1913 1
1913 1914 2
1914 1915 3
1915 1916 3
1916 1917 2
1917 1918 3
1918 1919 2
1919 1827 1
1827 1920 2
1920 1921 2
1921 1922 3
1922 1868 2
1868 1923 2
1923 1924 2
1924 1925 2
1925 1926 2
1926 1927 2
1927 1928 2
1928 1929 2
1929 1930 2
1930 1931 4
1931 1932 2
1932 1933 1
1933 1934 4
1934 1935 2
1935 1936 4
1871 1937 4
1937 1938 2
1938 1939 2
1939 1940 2
1940 1941 3
1941 1942 4
1743 1943 6
1943 1944 3
1944 1945 3
1945 1946 5
1946 1947 7
1947 1948 2
1948 1949 4
1949 1950 7
1950 1951 3
1951 1952 4
1952 1953 7
1953 1954 3
1954 1955 3
1955 1956 3
1956 1957 2
1957 1958 4
1958 1959 3
1960 1961 4
1961 1962 5
1962 1963 5
1963 1964 4
1964 1965 3
1965 1966 2
1966 1967 4
1967 1968 2
1968 1969 1
1969 1970 5
1970 1971 3
1971 1972 4
1972 1973 3
1973 1974 1
1974 1975 5
1975 1976 3
1976 1959 3
1959 1977 3
1977 1978 5
1978 1979 4
1979 1980 4
1980 1981 3
1981 1982 3
1982 1983 3
1983 1984 2
1984 1985 3
1985 1986 2
1986 1987 5
1987 1988 4
1988 1989 2
1989 1990 4
1990 1991 2
1991 1992 6
1992 1993 6
1993 1890 2
1890 1994 5
1994 1995 4
1995 1996 3
1996 1997 5
1997 1998 4
1998 1999 2
1999 2000 4
2000 2001 4
2001 2002 2
2002 2003 6
2003 2004 1
2004 2005 2
2005 2006 2
2006 2007 5
2007 1714 6
1972 2008 1
2008 2009 2
2009 2010 1
2010 2011 3
2011 2012 1
2012 2013 2
2013 2014 6
2014 2015 3
2015 2016 4
2016 2017 1
2017 2018 3
2018 2019 2
2019 2020 2
2020 2021 1
2021 2022 3
2022 2023 1
2023 2024 4
2024 2025 3
2025 2026 3
2026 2027 2
2027 2028 5
1987 2029 3
2029 2030 2
2030 2031 2
2031 2032 1
2032 2033 2
2033 2034 2
2034 2035 4
2035 2036 3
2036 2037 2
2037 2038 3
2038 2039 4
2039 2040 3
2040 2041 3
2041 2042 2
2042 2043 3
2043 2044 1
2044 2045 3
2045 2046 2
2046 1947 1
1987 2047 5
2047 2048 1
2048 2049 2
2049 2050 2
2050 2051 3
2051 2052 5
2052 2053 4
2053 2054 2
2054 2055 3
2055 2056 3
2056 2057 3
1 2058 8
2058 2059 3
2059 2060 3
2060 2061 2
2061 2062 4
2062 2063 6
2063 2064 2
2064 2065 3
2065 2066 3
2066 2067 7
2067 2068 3
2068 2069 2
2069 2070 4
2070 2071 5
2071 1867 3
1867 2072 4
2072 2073 3
2073 2074 5
2074 1960 4
37 539 1
35 540 1
541 2075 3
2075 2076 4
2076 2077 2
2077 605 6
605 2078 2
2078 572 6
572 2079 3
2079 2080 2
2080 2081 4
2081 2082 3
2082 477 3
477 2083 3
2083 2084 2
2084 2085 2
2085 2086 5
2086 141 3
141 2087 3
2087 2088 2
2088 2089 2
2089 1 1
572 2090 5
605 2091 2
2091 2092 2
2059 2093 1
2093 2094 1
2094 2095 2
2095 2096 2
2096 2097 3
2097 2098 2
2098 2099 1
2099 2100 1
2100 2101 1
2101 2102 1
2102 2103 1
2103 2104 1
2104 2105 2
2105 2106 2
2106 2107 5
2107 2108 1
2108 2109 4
2109 1852 5
2062 2110 3
2110 2111 3
2111 2112 2
2112 2113 2
2113 2114 3
2114 2115 1
2115 2116 1
2116 2117 1
2117 2118 1
1960 2119 3
2119 2120 2
2120 2121 3
2121 2122 3
2122 2123 4
2123 2124 1
2124 2125 2
2125 2126 3
2126 2127 4
287 2128 2
2128 2129 2
2129 2130 2
2130 2131 2
2131 99 1
99 2132 4
2132 2133 5
2133 2134 3
2134 2135 3
2135 2136 6
2136 2137 1
2137 2138 2
2138 2139 2
2139 2140 7
2140 2141 1
2141 2142 1
2142 2143 3
2143 2144 3
2144 2145 2
2145 2146 2
2146 2147 4
2147 2148 5
2148 2149 4
2149 2150 2
2150 2151 4
2151 2152 7
2152 2153 5
2153 1960 5
2154 2155 3
2155 2156 6
2156 2157 3
2157 2158 1
2158 2159 3
2159 2160 3
2160 2161 2
2161 2162 2
2162 2163 6
2163 2164 3
2164 2165 5
2165 2166 6
2166 2167 6
2167 2168 7
2168 2169 1
2169 2170 6
2170 2171 2
2171 2172 4
2172 2173 6
2173 2174 5
2174 2175 3
2175 2176 2
2176 2177 3
2177 2178 3
2178 2179 2
2179 2180 8
2180 1967 3
2181 2182 2
2182 2183 6
2183 2184 4
2184 2185 7
2185 2186 8
2186 2187 3
2187 2188 1
2188 2189 1
2189 2190 6
2190 2191 5
2191 2192 3
2192 2193 4
2193 2194 4
2194 2195 7
2195 2196 5
2196 2173 4
1964 2197 3
2197 2198 3
2190 2199 4
2199 2200 3
2200 2201 4
2201 2202 3
2202 2203 4
2203 2204 3
2205 2206 3
2206 2207 2
2207 2208 1
2208 2209 3
2158 2210 3
2210 2211 3
2211 2205 4
2205 2212 6
2212 2213 4
2213 2214 4
2214 2215 3
2215 2216 4
2216 2217 3
2217 2218 3
2218 2219 5
2219 2220 3
2220 2221 5
2221 2222 2
2222 2223 5
2224 2225 3
2225 2226 8
2226 2227 2
2227 2228 5
2228 2229 6
2229 2230 5
2230 2231 2
2231 2232 3
2232 2233 2
2233 2221 7
2221 2234 7
2234 2235 10
2235 2236 3
2236 2181 6
2225 2237 2
2237 2238 1
2238 2239 4
2239 2240 2
2181 2241 4
2241 2242 7
2242 2243 1
2243 2244 2
2244 2245 3
2246 2247 2
2224 2248 5
1960 2249 4
2249 2250 4
2250 2251 2
2251 2252 4
2252 2253 2
2253 2254 2
2254 2255 2
2255 2256 5
2256 2257 4
2257 2258 4
2258 2259 9
2259 2260 4
2260 2261 5
2261 2262 7
2262 2263 6
2263 2264 3
2264 2265 3
2265 2266 5
2266 2267 5
2267 2268 3
2268 2269 6
2269 2270 2
2270 2271 3
2271 2272 6
2272 2273 3
2273 2274 5
2274 2275 2
2275 2276 3
2276 2277 4
2277 2278 2
2278 2154 2
2155 2279 4
2279 2280 3
2280 2281 2
2281 2282 3
2282 2246 2
2246 2283 3
2283 2284 5
2284 2285 3
2285 2286 3
2286 2287 3
2287 2288 6
2288 2289 4
2289 2290 4
2290 2291 3
2291 2292 6
2292 2224 2
2224 2293 8
2293 2294 3
2258 2295 6
2295 2296 3
2296 2297 3
2297 2298 2
2298 2299 4
2299 2300 5
2300 2301 2
2301 2302 5
2302 2303 7
2303 2304 3
2304 2305 6
2305 2306 3
2306 2307 2
2307 2308 1
2308 2309 2
2309 2310 4
2310 2269 4
2262 2311 4
2311 2312 6
2312 2313 1
2313 2314 3
2314 2315 3
2315 2316 2
2316 2317 1
2317 2318 6
2318 2319 3
2319 2320 1
2320 2167 4
2284 2321 3
2321 2322 3
2322 2323 2
2287 2324 7
2325 2326 10
2326 2327 1
2327 2328 7
2328 2329 4
2329 2330 3
2330 2331 3
2331 2332 4
2332 2333 1
2333 2288 4
2328 2334 2
2334 2335 4
2335 2336 2
2336 2337 6
2337 2338 2
2338 2339 4
2339 2340 2
2340 2341 3
2342 2343 5
2343 2344 7
2344 2326 4
32 2345 6
2345 2346 4
2346 2347 3
2347 2348 4
2348 2349 3
2349 2350 4
2350 2351 7
2351 2352 3
2352 2353 1
2353 2354 3
2354 2355 6
2355 2356 2
2356 2357 2
2357 2358 3
2358 2359 2
2359 2360 5
2360 2361 4
2361 2362 3
2362 2363 3
2363 2364 1
2364 2365 6
2365 2366 1
2366 2367 3
2367 2368 4
2368 2277 4
2348 2369 2
2369 2370 4
2370 2371 2
2371 2372 3
2372 2373 1
2373 2374 2
2374 2375 3
2375 2376 2
2376 2377 4
2377 2378 2
2378 2379 1
2379 2380 2
2380 2381 6
2381 2382 1
2382 2383 2
2383 2384 4
2384 2385 1
2385 2386 5
2386 2387 3
2387 2139 3
2359 2388 5
2388 2389 6
2389 2390 3
2390 2391 2
2391 2392 2
2392 2393 4
2393 2394 5
2394 2395 2
2395 122 3
2396 2397 9
2398 2399 3
2399 2400 6
2401 2402 1
2402 2403 4
136 2404 3
2404 2405 4
2405 2406 3
2406 2407 2
2407 2408 5
2408 2409 5
2409 2410 4
2410 2411 6
2411 2412 6
2412 2413 3
2413 2414 5
2414 2415 5
2415 2416 5
2416 2417 6
2417 2418 10
2418 2419 7
2419 2420 6
2420 2421 3
2421 2396 3
2396 2422 3
2422 2397 8
2397 2423 3
2423 2424 4
2424 2425 9
2425 2426 5
2426 2427 6
2427 2428 4
2428 2429 7
2429 2430 4
2430 2431 5
2431 2400 7
2400 2432 8
2432 2433 4
2433 2401 1
2401 2434 4
2434 2435 3
2435 2436 2
2436 2437 2
2437 2438 6
2439 2440 2
2440 2441 5
2441 2442 3
2442 2443 3
2443 2444 3
2444 2445 3
2445 2446 3
2446 2447 1
2447 2448 3
2448 2449 2
2449 2450 1
2450 2451 3
2451 2452 5
2452 122 4
2415 2453 3
2453 2454 1
2454 2455 1
2455 2456 3
2456 2457 2
2457 2458 2
2458 2459 1
2459 2460 2
2460 2461 3
2461 2462 3
2462 2463 3
2463 2464 2
2464 2465 2
2465 2466 3
2466 2441 3
2455 2467 3
2467 2468 2
2468 2469 1
2418 2470 3
2470 2471 1
2471 2472 1
2472 2473 1
2473 2474 2
2474 2475 3
2475 2476 2
2476 2477 2
2477 2460 4
2430 2478 5
2478 2479 5
2479 2480 3
2480 2481 2
2481 2482 3
2482 2483 3
2483 2484 6
2484 2485 3
2485 2486 4
2486 2487 5
2430 2488 5
2488 2489 2
2489 2490 3
2430 2491 2
2491 2492 4
2492 2493 2
2400 2494 1
2494 2495 5
2495 2496 1
2426 2497 2
2497 2498 3
2498 2499 2
2499 2500 2
2500 2501 3
2501 2502 2
2502 2503 2
2503 2504 6
2504 2505 4
2505 2506 5
2506 2507 3
2507 2508 5
2508 2509 6
2509 2510 4
2510 2511 2
2511 2512 3
2512 2513 3
2513 2514 2
2514 2515 2
2515 2516 2
2516 2517 4
2517 2518 2
2505 2519 2
2519 2520 1
2520 2521 3
2521 2522 2
2522 2523 2
2523 2524 3
2509 2525 3
2525 2526 1
2526 2527 3
2527 2528 3
2528 2529 2
2529 2530 2
2530 2531 1
2531 2532 2
2532 2533 2
2533 2534 3
2534 2535 1
2535 2536 3
2536 2537 1
2516 2538 3
2538 2539 2
2539 2540 2
2540 2541 6
2541 2542 1
2542 2543 1
2543 2544 4
2418 2545 5
2545 2546 3
2546 2547 2
2547 2548 4
2548 2549 3
2549 2550 3
2550 2551 4
2551 2552 3
2552 2553 2
2553 2554 4
2554 2555 3
2555 2556 1
2556 2557 6
2557 2558 4
2558 2559 5
2559 2560 5
2561 2562 6
2410 2563 2
2563 2561 4
2561 2564 2
2564 2565 3
2565 2560 2
2564 2562 4
2562 2566 3
2566 2567 2
2567 2568 2
2568 2569 3
2569 2570 2
2570 2571 2
2571 2572 2
2572 219 2
219 2573 3
2573 2574 3
2574 2575 3
2575 2576 4
2576 2577 6
2577 2578 2
2578 2579 6
2579 2580 5
2580 2581 2
2581 2582 2
2582 2583 3
2583 2584 1
2584 2585 4
2585 2586 1
2586 2587 4
2587 2588 3
2588 2589 6
2589 2590 11
2590 2591 4
2591 2592 6
2592 2593 4
2593 2594 5
2594 2595 2
2595 2596 6
2597 2598 1
2598 2599 2
2560 2600 2
2600 2601 1
2601 2602 1
2602 2597 2
2597 2603 1
2603 2604 1
2604 2605 2
2605 2606 1
2606 2607 3
2607 2608 1
2608 2609 2
2609 2610 2
219 2611 2
2611 2612 4
2612 2613 3
2613 2614 2
2580 2615 3
2615 2616 7
2616 2617 3
2617 2618 2
2618 2619 2
2619 2620 3
2620 2621 4
2621 2622 2
2622 2623 5
2620 2624 2
2624 2625 2
2587 2626 4
2626 2627 2
2627 2628 3
2592 2629 4
2629 2630 3
2630 2631 1
2631 2632 2
2632 2633 2
2633 2634 3
2634 2635 2
2635 2636 3
2637 2638 6
2154 2639 9
2639 2640 7
2640 2641 1
2641 2642 3
2642 2643 2
2643 2644 2
2644 2637 2
2637 2645 1
2645 2646 3
2646 2647 4
2647 2648 4
2648 2649 7
2649 2650 6
2650 2651 3
2651 2652 3
2652 2653 4
2653 2654 4
2654 2655 2
2655 2656 4
2656 2657 5
2657 2658 6
2658 2422 6
2653 2659 2
2659 2660 5
2660 2661 3
2661 2662 4
2662 2439 5
2439 2663 2
2663 2664 3
2664 2665 2
2665 2666 4
2666 2667 2
2667 2668 2
2668 2669 2
2669 2418 3
2653 2670 2
2670 2671 1
2671 2672 4
2672 2673 1
2673 2674 2
2674 2675 2
2656 2676 3
2676 2677 2
2677 2678 4
2678 2679 8
2679 2680 3
2680 2681 2
2681 2682 2
2682 2683 4
2683 2684 1
2684 2685 2
2685 2686 4
2686 2687 4
2687 2688 3
2688 2689 5
2689 2690 2
2690 2691 4
2691 2692 3
2692 2505 5
2678 2693 2
2693 2694 1
2694 2695 3
2695 2696 2
2696 2697 2
2697 2698 3
2698 2699 3
2699 2700 1
2418 2701 4
2701 2702 2
2702 2703 2
2703 2704 3
2704 2705 2
2705 2706 2
2706 2707 3
2707 2708 1
2708 2709 3
2709 2710 3
2710 2711 4
2711 2712 7
2712 2713 9
2713 2714 4
2714 2715 7
2715 2716 8
2716 2717 9
2717 2718 5
2718 2719 2
2719 2596 7
2596 2720 3
2720 2721 6
2721 2722 4
2722 2723 3
2723 2724 5
2724 2725 1
2725 2726 3
2726 2727 4
2715 2728 4
2728 2729 1
2729 2730 1
2730 2731 3
2731 2732 3
2732 2733 3
2716 2734 8
2734 2735 1
2735 2736 5
2736 2737 3
2717 2738 3
2738 2739 2
2739 2740 3
2740 2741 2
2741 2742 2
2742 2743 4
2743 2744 1
2744 2745 2
2745 2746 1
2747 2748 4
2727 2749 2
2749 2750 1
2750 2751 2
2751 2752 2
2752 2753 2
2753 2754 4
2754 2755 3
2755 2756 2
2756 2747 3
2750 2757 3
2757 2758 2
2727 2759 2
2759 2760 1
2760 2761 2
2761 2762 3
2762 2763 2
2763 2764 3
2764 2765 2
2765 2766 1
2766 2767 3
2767 2768 3
2762 2769 3
2769 2770 3
2770 2771 4
2438 2772 4
2773 2774 1
2438 2775 4
2775 2776 4
2776 2777 3
2777 2778 4
2778 2779 3
2779 2780 4
2780 2781 4
2781 2773 5
2773 2782 3
2782 2783 2
2783 2784 2
2784 2785 1
2785 2786 3
2786 2787 3
2787 2788 3
2788 2789 3
2789 2790 3
2790 2791 5
2791 2792 2
2792 2793 0
2793 2794 1
2794 2795 0
2795 2796 3
2796 2797 3
2727 2798 4
2798 2799 3
2799 2800 2
2800 2801 1
2801 2802 3
2802 2803 4
2803 2804 3
2804 2805 5
2805 2434 3
2434 2402 4
2403 2806 4
2806 2807 4
2807 2808 2
2808 2809 4
2809 2810 4
2810 2811 2
2811 2812 2
2812 2781 6
2773 2813 4
2813 2814 3
2814 2815 3
2815 2816 2
2816 2817 3
2817 2818 3
2818 2819 4
2819 2820 5
2821 2822 3
2822 2823 2
2823 2824 2
2824 2825 3
2436 2826 2
2826 2827 1
2827 2828 3
2828 2806 2
2806 2829 2
2829 2830 4
2830 2831 5
2831 2820 3
2820 2832 3
2832 2833 4
2833 2834 3
2834 2835 5
2835 2836 4
2836 2837 6
2837 2838 1
2838 2839 7
2839 2840 5
2840 2821 4
2821 2505 8
2834 2841 1
2841 2842 2
2842 2843 2
2843 2844 2
2400 2845 7
2845 2846 3
2846 2847 3
2847 2848 4
2848 2849 1
2849 2850 3
2850 2851 2
2851 2839 4
2777 2852 5
2852 2853 1
2853 2854 3
2776 2852 2
2854 2855 2
2422 2856 4
2856 2857 4
2857 2858 3
2858 2679 4
2679 2859 3
2859 2860 4
2860 2861 6
2861 2862 6
2862 2863 3
2863 2864 4
2864 2865 5
2865 2866 3
2866 2867 3
2867 2868 6
2868 2869 2
2869 2870 5
2870 2871 8
2871 2872 2
2872 2325 5
2325 2873 5
2873 2874 4
2874 2875 3
2875 2876 3
2876 2292 3
2861 2877 2
2877 2878 2
2878 2879 1
2879 2880 1
2880 2881 1
2881 2882 1
2882 2883 1
2883 2884 2
2884 2885 1
2885 2886 1
2886 2887 2
2887 2888 2
2888 2889 2
2889 2890 3
2890 2891 3
2325 2892 2
2892 2893 1
2656 2894 4
2894 2895 4
2895 2896 2
2896 2897 1
2898 2899 4
2154 2900 6
2900 2901 4
2901 2902 4
2902 2903 2
2903 2638 4
2638 2904 4
2904 2905 3
2905 2906 5
2906 2907 3
2907 2908 2
2908 2909 4
2909 2910 3
2910 2911 4
2911 2912 4
2912 2913 6
2913 2914 4
2914 2342 5
2342 2915 2
2915 2916 4
2916 2917 4
2917 2918 3
2918 2919 10
2919 2920 4
2920 2921 4
2921 2922 1
2922 2898 3
2898 2923 4
2924 2925 5
2925 2926 1
2926 2927 4
2865 2923 5
2923 2899 2
2899 2928 3
2928 2929 2
2929 2930 4
2930 2931 4
2931 2932 2
2932 2924 4
2924 2933 3
2933 2934 2
2934 2935 2
2935 2936 2
2936 2937 1
2937 2938 3
2938 2939 4
2939 2940 2
2940 2941 5
2941 2942 3
2942 2943 1
2943 2944 5
2944 2544 4
2544 2945 3
2945 2946 2
2946 2947 1
2918 2948 2
2948 2869 2
2949 2950 1
2871 2951 1
2951 2949 4
2949 2952 3
2952 2953 4
2953 2954 4
2954 2955 1
2955 2919 2
2919 2956 5
2956 2957 5
2957 2958 2
2958 2959 5
2959 2960 2
2960 2961 5
1905 1336 3
1336 37 4
37 784 2
