1 2 2 0
2 3 2 0
3 4 2 0
4 5 2 0
5 6 1 0
6 7 4 0
7 8 1 0
8 9 4 0
9 10 2 0
10 11 2 0
11 12 2 0
12 13 1 0
13 14 1 0
14 15 1 0
15 16 2 0
16 17 4 0
17 18 5 0
18 19 1 0
19 20 5 0
20 21 4 0
21 22 4 0
22 23 6 0
23 24 4 0
24 25 5 0
25 26 4 0
26 27 4 0
27 28 4 0
28 29 3 0
29 30 3 0
30 31 3 0
31 32 4 0
32 33 10 0
33 34 6 0
34 35 4 0
35 36 5 0
36 37 5 0
37 38 4 0
38 39 4 0
39 40 7 0
40 41 9 0
42 43 1 0
43 44 1 0
44 45 1 0
45 46 1 0
46 47 1 0
47 48 1 0
48 49 1 0
49 50 1 0
50 51 1 0
51 52 1 0
52 53 1 0
53 54 2 0
54 55 1 0
55 56 2 0
56 57 4 0
57 58 1 0
58 59 1 0
59 60 3 0
60 61 3 0
61 62 3 0
9 63 2 0
63 64 1 0
64 65 6 0
65 66 4 0
9 67 2 0
67 68 1 0
68 69 1 0
69 70 1 0
70 71 1 0
71 72 1 0
72 73 1 0
73 74 1 0
74 75 1 0
75 76 1 0
76 77 1 0
77 78 1 0
78 79 1 0
79 80 1 0
80 81 1 0
81 82 1 0
82 83 1 0
75 84 1 0
84 85 1 0
85 86 1 0
86 87 1 0
13 88 1 0
88 89 1 0
89 90 1 0
90 91 1 0
91 92 1 0
92 93 1 0
93 94 1 0
94 95 2 0
95 86 2 0
86 96 3 0
96 97 3 0
97 98 2 0
98 99 3 0
99 100 2 0
100 101 3 0
101 102 1 0
102 103 2 0
103 104 3 0
104 105 1 0
105 106 5 0
106 107 1 0
107 108 2 0
108 109 2 0
109 110 2 0
110 111 2 0
111 112 4 0
112 113 2 0
113 114 2 0
114 115 2 0
115 116 2 0
116 117 4 0
117 118 3 0
118 119 3 0
119 120 5 0
120 121 2 0
121 122 4 0
122 123 4 0
123 124 3 0
13 125 1 0
125 126 2 0
126 127 1 0
127 128 1 0
128 129 1 0
129 130 1 0
130 131 1 0
131 132 1 0
132 133 1 0
133 134 1 0
134 135 1 0
135 136 1 0
136 137 2 0
137 138 1 0
138 139 1 0
19 140 1 0 0
140 141 1 0 0
141 142 1 0
142 143 4 0
143 144 2 0
144 145 1 0
145 146 2 0
146 147 1 0
147 146 1 0
146 148 4 0
148 149 2 0
149 150 2 0
150 151 2 0
141 152 1 0
152 153 1 0
153 154 2 0
154 155 1 0
155 156 1 0
156 157 1 0
157 158 1 0
158 159 1 0
19 160 1 0
160 161 1 0
161 162 2 0
162 163 1 0
163 164 1 0
164 20 2 0
20 165 1 0
165 166 1 0
166 167 1 0
167 168 1 0
168 169 1 0
169 168 1 0
168 170 1 0
170 171 1 0
171 172 1 0
172 173 1 0
173 174 0 0
174 175 2 0
175 176 1 0
176 177 2 0
177 178 1 0
178 179 1 0
179 180 0 0
180 181 2 0
181 182 1 0
21 183 0 0
183 184 1 0
184 185 1 0
185 186 1 0
186 187 0 0
187 188 3 0
188 189 1 0
189 190 1 0
190 191 1 0
191 192 1 0
192 193 1 0
193 194 1 0
194 195 1 0
195 196 2 0
196 197 1 0
197 198 1 0
198 199 1 0
200 201 4 0
201 202 4 0
202 203 4 0
203 204 3 0
204 205 6 0
205 206 2 0
206 207 3 0
207 22 3 0
25 208 2 0
208 209 3 0
209 210 3 0
210 211 2 0
211 212 1 0
212 213 1 0
213 214 3 0
214 215 3 0
215 216 2 0
216 217 5 0
217 218 3 0
218 219 5 0
219 220 5 0
220 221 2 0
221 222 1 0
222 223 2 0
223 224 2 0
228 229 3 0
229 230 3 0
25 225 2 0
225 226 2 0
226 227 3 0
227 228 5 0
228 231 2 0
231 232 5 0
233 234 2 0
234 235 1 0
235 236 1 0
236 237 2 0
237 238 2 0
41 239 7 0
239 40 3 0
40 240 7 0
240 241 4 0
241 242 5 0
242 243 6 0
243 244 4 0
244 245 4 0
245 233 6 0
40 239 3 0
239 41 7 0
41 246 1 0
246 247 3 0
247 248 4 0
248 249 3 0
249 250 2 0
250 251 3 0
251 252 2 0
252 253 1 0
253 254 2 0
254 255 5 0
255 256 2 0
256 257 2 0
257 258 2 0
258 259 2 0
259 260 3 0
260 261 2 0
261 262 3 0
262 263 2 0
263 264 3 0
264 265 15 0
265 266 6 0
266 267 3 0
267 268 4 0
267 269 2 0
269 270 5 0
270 271 4 0
271 272 4 0
272 273 2 0
273 274 2 0
274 275 2 0
275 276 3 0
276 277 2 0
277 278 2 0
278 279 1 0
41 280 22 0
280 281 3 0
281 282 8 0
282 283 4 0
286 285 5 0
284 285 6 0
285 287 2 0
287 288 2 0
288 289 0 0
289 290 1 0
290 291 1 0
291 292 2 0
292 293 1 0
293 294 2 0
294 295 1 0
295 296 1 0
296 297 2 0
297 298 2 0
298 299 0 0
299 300 1 0
300 301 4 0
301 302 1 0
302 303 3 0
303 304 4 0
304 305 3 0
305 306 3 0
306 307 3 0
307 308 2 0
308 309 2 0
309 310 2 0
310 311 3 0
311 312 1 0
312 313 1 0
313 314 2 0
314 315 4 0
315 1 4 0 0
316 317 13 0
317 318 6 0
318 319 2 0
319 320 3 0
320 321 2 0
321 322 2 0
322 323 1 0
323 285 5 0
301 324 1 0
324 325 1 0
325 326 2 0
326 327 2 0
327 328 2 0
328 329 1 0
329 330 1 0
330 331 1 0
331 332 1 0
332 333 2 0
333 334 2 0
334 335 3 0
335 336 2 0
336 337 3 0
337 338 2 0
338 339 4 0
349 350 2 0
350 351 2 0
351 352 2 0
352 353 2 0
353 354 2 0
354 355 2 0
355 356 1 0
311 340 1 0
340 341 1 0
341 342 1 0
342 343 2 0
343 344 1 0
344 345 2 0
345 346 2 0
346 347 2 0
347 348 1 0
348 349 2 0
349 357 3 0
357 358 2 0
358 359 4 0
360 361 2 0 0
361 362 7 0
362 363 2 0
363 364 6 0
364 365 5 0
365 366 9 0
366 367 3 0
367 368 4 0
368 315 2 0
361 369 8 0
369 370 1 0
370 371 2 0
371 372 3 0
372 373 3 0
373 374 2 0
374 375 2 0
375 376 2 0
376 377 1 0
377 378 0 0
378 379 2 0
1 315 5 0
315 368 2 0
368 367 4 0
367 366 3 0
366 380 7 0
380 381 4 0
381 382 3 0
382 383 2 0
383 384 3 0
384 385 6 0
385 386 4 0
386 387 5 0
387 388 3 0
388 389 4 0
389 390 3 0
390 391 4 0
391 392 4 0
392 393 1 0
393 394 3 0
394 395 2 0
395 396 3 0
396 397 4 0
397 398 4 0
398 399 2 0
399 400 2 0
400 401 2 0
401 402 4 0
402 403 2 0
403 404 4 0
404 405 5 0
406 407 1 0
407 408 1 0
408 382 3 0
409 410 4 0
410 411 4 0
411 412 3 0
412 413 3 0
413 414 3 0
414 415 3 0
415 416 1 0
416 417 1 0
417 385 2 0
418 395 2 0
395 394 3 0 0
394 393 1 0
393 419 1 0
419 420 2 0
424 425 3 0
425 426 4 0
426 427 10 0
427 428 12 0
396 395 3 0
394 421 4 0
421 422 5 0
422 423 5 0
423 424 4 0
424 429 2 0
429 430 2 0
430 431 2 0
431 432 3 0
432 433 3 0
434 435 1 0
435 436 1 0
436 437 1 0
437 438 2 0
438 439 1 0
439 440 2 0
440 441 2 0
441 442 3 0
442 443 3 0
443 444 2 0
444 445 1 0
446 447 0 0
447 448 0 0
448 449 3 0
449 450 2 0
450 451 1 0
451 445 1 0
445 452 5 0
452 453 5 0
453 454 3 0
454 455 3 0
455 456 4 0
456 457 6 0
457 458 1 0
458 459 1 0
459 396 1 0
460 461 2 0
461 462 2 0
462 448 1 0
445 463 9 0
463 464 4 0
464 465 3 0
465 466 2 0
466 467 3 0
467 468 1 0
468 469 3 0
469 470 3 0
470 471 2 0
471 472 4 0 0
472 473 2 0 0
473 474 3 0 0
474 405 5 0 0
475 476 6 0
476 477 3 0
477 478 2 0
478 479 2 0
479 480 2 0
480 481 3 0
481 471 7 0
405 482 4 0 0
482 483 6 0 0
483 484 2 0 0
484 485 3 0
485 475 10 0
475 486 6 0
486 487 5 0
487 488 16 0
488 489 3 0
489 490 5 0
490 491 2 0
491 492 2 0
492 493 2 0
493 494 3 0
494 495 2 0
495 496 3 0
445 497 1 0
497 498 2 0
498 499 2 0
499 500 1 0
500 501 1 0
501 502 1 0
502 503 1 0
503 504 2 0
504 505 2 0
505 506 1 0
506 507 2 0
507 508 2 0
508 509 1 0
509 510 3 0
510 511 2 0
511 512 5 0
512 513 6 0
513 514 3 0
514 515 11 0
515 516 8 0
507 517 7 0
517 518 1 0
518 519 2 0
519 520 4 0
520 521 3 0
521 522 1 0
522 523 1 0
523 524 1 0
524 525 21 0
525 481 12 0
526 527 6 0
527 528 6 0
528 529 4 0
530 531 1 0
531 532 2 0
532 533 2 0
533 534 2 0
534 535 2 0
535 526 3 0
526 536 5 0
536 537 6 0
537 516 5 0
516 538 3 0
538 539 4 0
539 540 2 0
540 487 3 0
1 541 2 0 0
541 542 2 0 0
542 543 2 0 0
543 544 3 0 0
544 66 4 0 0
66 545 2 0 0
545 546 6 0 0
546 547 4 0
547 548 6 0
548 549 5 0
549 550 5 0
550 551 5 0
551 552 4 0
552 553 3 0
553 554 3 0
554 555 2 0
555 556 3 0
556 557 1 0
557 558 4 0
546 559 3 0
559 560 3 0
560 561 5 0
561 562 5 0
562 563 2 0
563 564 5 0
564 565 4 0
565 566 3 0
566 567 3 0
567 568 5 0
385 569 4 0
569 570 5 0
570 571 4 0
571 572 6 0
572 573 5 0
573 568 4 0
568 574 2 0
574 575 2 0
575 576 3 0
576 577 5 0
577 578 4 0
578 558 4 0
579 580 2 0
580 581 1 0
581 582 2 0
582 583 1 0
583 584 1 0
579 585 3 0
585 586 2 0
586 587 3 0
587 588 2 0
588 589 2 0
589 590 3 0
590 550 3 0
598 599 4 0
599 597 1 0
597 600 1 0 0
600 601 2 0 0
396 591 4 0 0
591 592 4 0 0
592 593 2 0 0
593 594 3 0 0
594 595 4 0 0
595 596 5 0
596 597 3 0
601 602 2 0
602 603 4 0
603 604 5 0
604 605 3 0
605 606 4 0
606 607 2 0
607 558 3 0
546 608 2 0
608 609 1 0
609 610 1 0
610 611 1 0
611 612 1 0
612 613 2 0
613 614 3 0
614 615 4 0
615 616 2 0
616 617 2 0
617 618 4 0
618 619 1 0
619 620 1 0
620 621 2 0
621 622 2 0
622 579 2 0
579 623 2 0
623 624 2 0
624 625 2 0
625 626 2 0
626 627 1 0
627 628 3 0
628 629 2 0
629 630 2 0
630 631 2 0
631 102 3 0
405 632 1 0
632 633 1 0
633 634 1 0
634 635 1 0
635 636 2 0
636 637 1 0
637 638 2 0
638 639 2 0
639 640 2 0
640 641 2 0
641 642 1 0
642 643 2 0
643 644 2 0
644 645 3 0
645 646 4 0
646 595 1 0
598 647 2 0
647 648 1 0
648 649 4 0
649 650 3 0
650 651 1 0
651 652 5 0
652 653 3 0
653 654 3 0
654 655 3 0
656 657 1 0
657 658 2 0
658 659 2 0
659 660 1 0
660 661 1 0
661 662 1 0
662 663 1 0
663 664 1 0
664 665 1 0
665 666 1 0
666 667 1 0
667 668 1 0
668 669 2 0
670 671 2 0 0 0 0 0 0
671 672 3 0 0 0 0 0
672 663 3 0 0 0 0 0
663 673 5 0 0 0
673 674 3 0 0 0
674 675 4 0 0 0
675 676 2 0 0 0
676 677 3 0 0 0
677 678 9 0 0 0
678 679 4 0 0
679 680 2 0 0
680 681 5 0 0
681 682 3 0 0
682 683 2 0 0
683 684 2 0 0
684 685 1 0 0
685 686 4 0 0
686 40 43 0
692 693 3 0
693 694 2 0
694 695 2 0
695 691 2 0
558 687 6 0
687 688 3 0
688 689 2 0
689 690 3 0
690 691 4 0
691 696 3 0
696 697 1 0
697 698 1 0
698 699 2 0
699 700 2 0
700 701 1 0
701 670 3 0
702 703 5 0
703 704 4 0
704 705 3 0
705 706 2 0
706 707 3 0
707 708 2 0
708 709 3 0
709 710 1 0
710 711 6 0
711 670 1 0
663 712 5 0 0
712 713 4 0 0
713 714 3 0 0
714 715 4 0 0
715 716 3 0 0
716 717 3 0 0
717 718 4 0 0
718 719 3 0 0
405 720 3 0
720 721 3 0
721 653 2 0
653 652 3 0
652 722 4 0
722 723 5 0
723 724 6 0
724 725 3 0
725 671 9 0
671 670 2 0
670 711 1 0
711 726 1 0
726 727 2 0
727 728 1 0
728 729 1 0
729 730 1 0
730 731 1 0
731 732 2 0
732 733 3 0
733 734 3 0
734 735 3 0
735 736 2 0
736 737 3 0
737 738 2 0
738 678 4 0
749 750 1 0
750 751 3 0
751 752 2 0
752 753 5 0
753 754 3 0
754 755 3 0
755 756 2 0
756 757 3 0
762 763 5 0
763 764 2 0
764 719 5 0
766 767 2 0
767 768 0 0
768 769 2 0
769 770 1 0
739 740 3 0 0
740 741 3 0 0
741 742 1 0 0
742 743 2 0 0
743 744 1 0
744 670 4 0
671 725 9 0 0
725 745 4 0 0
745 746 2 0 0
746 747 3 0
747 748 3 0
748 749 3 0 0
749 758 1 0 0
758 759 2 0 0
759 760 4 0 0
760 761 3 0
761 762 3 0
762 765 2 0
765 766 3 0
766 771 1 0
771 772 1 0
772 773 3 0
774 775 2 0
775 776 2 0
776 777 4 0
777 778 0 0
568 780 2 0
780 781 3 0
781 782 2 0
782 783 3 0
783 784 4 0
784 601 4 0
601 600 2 0
600 599 2 0
599 598 4 0
595 779 4 0
779 598 5 0
598 785 5 0
785 786 2 0
786 787 3 0
787 739 4 0
743 670 5 0
788 789 4 0 0
789 790 2 0
790 791 1 0
791 792 1 0
792 793 2 0
793 794 1 0
794 795 2 0
795 796 2 0
796 797 1 0
797 669 1 0
789 798 2 0
798 725 1 0
725 799 2 0
799 800 1 0
800 801 0 0
801 802 1 0
802 803 2 0
803 804 4 0
804 805 1 0
805 806 1 0
806 807 2 0
807 808 2 0
808 809 3 0
809 810 2 0
810 811 1 0
811 812 2 0
812 813 1 0
813 757 2 0
788 814 3 0
814 815 1 0
815 789 1 0
789 816 1 0
816 817 1 0
681 818 3 0 0
818 819 10 0 0
819 820 5 0 0
820 821 3 0 0
821 822 3 0 0
822 823 4 0 0
823 824 5 0 0
824 825 4 0
825 826 2 0
826 827 2 0
827 828 3 0
828 829 2 0
829 830 2 0
830 831 2 0 0
831 832 8 0 0
824 833 4 0
833 834 3 0
834 835 2 0
835 836 3 0
836 837 1 0
837 838 2 0
838 839 2 0
839 830 4 0
825 840 2 0
840 841 2 0
841 842 2 0
823 843 3 0
843 844 2 0
118 845 5 0
845 846 4 0
846 847 5 0
847 848 5 0
848 849 4 0
849 850 3 0
850 851 3 0
851 852 3 0
852 853 4 0
853 854 3 0
854 855 3 0
855 856 5 0
856 857 1 0
857 858 1 0
858 859 1 0
859 681 3 0
686 860 2 0
860 861 4 0
861 862 5 0
862 863 4 0
863 864 5 0
864 865 8 0
865 866 9 0
866 867 5 0
867 868 3 0
868 869 4 0
869 870 2 0
870 871 2 0
871 872 2 0
872 873 3 0
873 41 4 0
760 874 3 0
874 875 6 0
875 876 2 0
876 877 4 0
877 878 3 0
878 714 6 0
714 879 1 0
879 880 5 0
880 881 3 0
881 882 4 0
882 883 1 0
883 884 2 0
884 885 1 0
885 678 2 0
484 886 3 0
886 887 2 0
887 888 2 0
888 889 3 0
889 890 3 0
890 757 1 0 0
757 891 4 0
891 892 3 0
892 893 3 0
893 894 6 0
894 895 2 0
895 896 5 0
896 897 2 0
897 898 4 0
898 899 2 0
899 900 3 0
900 901 1 0
475 902 4 0
902 903 1 0
903 904 1 0
904 905 2 0
905 906 1 0
906 907 4 0
907 908 2 0
908 909 2 0
909 910 3 0
910 890 1 0
911 912 1 0
912 913 1 0
913 895 3 0
757 914 2 0
914 915 2 0
915 916 1 0
916 917 2 0
917 918 1 0
918 919 4 0
919 920 3 0
920 921 3 0
921 922 2 0
922 923 1 0
923 894 1 0
894 924 2 0
924 925 1 0
925 926 1 0
926 927 5 0
927 928 3 0
928 929 1 0
929 930 1 0
930 931 1 0
931 932 1 0
932 931 1 0
931 933 2 0
933 934 2 0
934 935 2 0
935 936 1 0
952 953 4 0
953 954 4 0
954 955 2 0
955 956 4 0
956 957 8 0
957 958 4 0
958 959 5 0
959 719 6 0
932 937 2 0
937 938 2 0
938 939 1 0
939 940 2 0
940 941 2 0
941 942 1 0
942 943 2 0
943 778 4 0
778 944 4 0
944 945 2 0
945 946 2 0
946 947 4 0
947 948 3 0
948 949 5 0
949 950 2 0
950 951 2 0
951 952 3 0
952 960 2 0 0
960 961 4 0 0
961 962 3 0 0
962 963 6 0 0
963 964 15 0 0
670 965 13 0 0
971 901 6 0
965 966 1 0
757 968 3 0
968 969 3 0
969 970 5 0
970 967 1 0
746 966 1 0
966 747 2 0
747 972 2 0
972 748 1 0
749 973 6 0
973 974 5 0
974 975 6 0
975 932 7 0
932 976 5 0
976 977 2 0
977 978 3 0
978 971 3 0
971 979 3 0
979 901 4 0
719 959 6 0
959 958 5 0
958 957 4 0
957 956 8 0
956 955 4 0
955 954 2 0
954 953 4 0
953 952 4 0
964 980 3 0 0
980 981 1 0 0
981 982 3 0 0
982 983 1 0 0
983 984 4 0
984 985 2 0
985 986 6 0
986 987 3 0
987 988 3 0
988 989 3 0
989 990 4 0
990 991 6 0
991 992 6 0
992 993 8 0
993 994 5 0
994 995 2 0
995 996 5 0
996 997 2 0
997 998 3 0
998 999 3 0
999 1000 3 0
1000 1001 3 0
1001 822 3 0
984 1002 1 0
1002 1003 2 0
993 1004 2 0
1004 1005 1 0
1005 1006 1 0
1006 1007 1 0
996 1008 3 0
1008 1009 3 0
983 1010 3 0
1010 1011 4 0
1011 1012 1 0
1012 1013 1 0
1013 1014 3 0
1014 1015 2 0
1015 1016 2 0
1016 1017 2 0
1017 1018 3 0
1018 1019 4 0
1019 1020 2 0
1020 1021 3 0
496 1022 5 0 0
1022 1023 3 0 0
1023 1024 4 0
1024 1025 2 0
1025 1026 3 0
1026 1027 2 0
1027 1028 2 0
1028 1029 3 0
1029 1030 4 0
1030 901 14 0
1035 1036 3 0
1036 1037 1 0
1037 1038 2 0
1038 1039 1 0
1039 1034 1 0
1034 1033 1 0
1033 1040 1 0
1040 1041 1 0
1041 1042 1 0
1042 1043 0 0
1043 1044 1 0
496 1031 5 0
1031 1032 5 0
1032 1033 2 0
1033 1034 1 0
1034 1039 1 0
1039 1038 1 0
1038 1037 2 0
1037 1036 1 0
1036 1035 3 0
1035 1045 4 0
1045 1046 2 0
1046 1047 1 0
1047 1048 2 0
1048 1049 2 0
1049 1050 3 0
1051 1052 1 0
1052 1053 1 0
1053 1054 1 0
1054 1055 1 0
1055 1056 2 0
1056 1057 1 0
1057 1058 1 0
1058 1059 2 0
1059 1060 2 0
1060 1061 2 0
1061 1062 2 0
1062 1025 2 0
1028 1063 3 0
1063 1064 1 0
1064 1065 2 0
1065 1066 2 0
1066 1067 2 0
1067 1068 5 0
1068 901 6 0
1069 1070 2 0
1070 1071 2 0
1071 1072 3 0
1072 1073 1 0
1073 1074 1 0
1074 1075 1 0 0
1075 1076 1 0 0
1076 1077 1 0
1077 1078 3 0
1078 1079 2 0
1079 1080 2 0
1080 1081 2 0
1081 1082 2 0
1082 1083 2 0
1083 1084 1 0
1084 1085 1 0
1085 1086 2 0
1086 1087 3 0
1082 1081 2 0
1081 1080 2 0
1080 1079 2 0
1079 1078 2 0
1078 1077 3 0
1077 1088 1 0
1088 1089 1 0
1089 1090 1 0
1090 1091 2 0
1092 1093 3 0
1093 1094 2 0
1094 1095 0 0 0
1095 1074 2 0
1076 1096 10 0
1096 1097 13 0
1098 1093 1 0
1093 1099 1 0
1099 1094 1 0
1095 1100 1 0
1100 1074 1 0
1074 1101 1 0
1101 1102 0 0
1102 1088 1 0
1088 1103 1 0
1103 1104 0 0
1104 1074 1 0
901 979 4 0
979 1105 5 0
1105 1106 3 0
1106 1107 3 0
1107 1108 3 0
1108 1109 3 0
1109 1110 4 0
1110 1111 4 0
1111 1112 2 0
1112 1113 2 0
1113 1114 3 0
1114 1115 5 0
1115 1116 6 0
1116 1117 2 0
1117 1118 2 0
1118 1119 1 0 0
1119 964 5 0 0
1126 1127 2 0
1127 1128 2 0
1105 1120 2 0
1120 1121 3 0
1121 1122 2 0
1122 1123 3 0
1123 1124 1 0
1124 1125 3 0
1125 1126 3 0
1126 1129 7 0
1129 1130 4 0
1137 1138 3 0
1138 1139 1 0
1139 1136 4 0
1141 1142 12 0 0 0
1142 1143 2 0 0 0 0 0
1143 1144 2 0 0 0 0 0
1144 1145 3 0 0 0 0
1145 1146 7 0 0 0 0
1146 1147 2 0 0
1147 1148 2 0 0
1148 1149 3 0 0
1149 1150 1 0
1150 1151 1 0
1151 1152 1 0
1152 1153 7 0
1153 1140 6 0
964 1131 9 0
1131 1132 3 0
1132 1133 2 0
1133 1134 3 0
1134 1135 2 0
1135 1136 3 0
1136 1140 9 0
1140 1154 5 0
1154 1155 3 0
1155 1156 4 0
1156 1157 6 0
1157 1158 6 0
1158 1159 3 0
1159 1160 3 0
1160 1161 5 0
1161 1162 5 0
1162 1163 4 0
1163 1164 4 0
1164 1165 4 0
1165 1166 5 0
1166 1167 3 0
1167 268 4 0
268 1168 16 0
1168 1169 4 0 0
1169 1170 3 0 0
1170 1171 5 0 0
1171 1172 4 0 0
1172 1173 4 0 0
1173 1174 3 0 0
1174 1175 3 0 0
1175 1176 5 0 0
1176 1177 4 0 0
1177 1178 5 0 0
1178 1179 4 0 0
1179 1180 2 0 0
1180 1181 6 0 0
1181 1182 5 0 0
1182 1183 4 0 0
1183 1184 4 0 0
1184 1185 3 0 0 0
1185 1186 11 0 0
1186 1187 4 0 0
1187 1188 5 0 0
1188 1189 2 0 0
1189 1190 4 0 0
1190 1191 2 0 0
1191 1192 4 0 0
1192 1193 4 0 0
1193 1194 4 0 0
1194 1195 4 0 0
1195 1196 5 0 0
1196 1197 3 0 0
1140 1198 1 0
1198 1199 2 0
1199 1200 2 0
1200 1201 2 0
1201 1202 1 0
1202 1203 1 0
1203 1204 1 0 0
1205 1206 2 0
1206 1207 1 0
1207 1208 1 0
1208 1209 1 0
1209 1210 2 0
1210 1211 1 0
1211 1203 1 0
1212 1213 0 0
1213 1214 0 0
1214 1215 0 0
1215 1216 0 0
1217 1218 1 0
1218 1219 1 0
1219 1220 1 0
1220 1221 1 0
1221 1222 1 0
1222 1223 1 0
1223 1224 1 0
1224 1225 2 0
1225 1226 2 0
1226 1227 2 0
1227 1228 2 0
1228 1229 1 0
1229 1230 0 0
1230 1231 1 0
1231 1232 5 0
1232 1233 2 0
1233 1234 2 0
1234 1235 2 0
1235 1236 1 0
1236 1237 1 0
1237 1238 2 0
1238 1239 1 0
1239 1240 1 0
1240 1241 1 0
1241 1239 2 0
1239 1239 2 0
1239 1242 1 0
1242 1243 1 0
1243 1244 1 0
1244 1245 1 0
1245 283 2 0
1197 1246 4 0
1246 1247 5 0
1247 1248 4 0
1248 1249 3 0
1249 1250 3 0
1250 1251 4 0
1251 1252 6 0
1252 1253 3 0
1253 1254 2 0
1254 1255 5 0
1255 1256 5 0
1256 1257 3 0
1257 1258 1 0
1185 1259 3 0
1259 1260 2 0
1260 1261 4 0
1261 1262 3 0
1262 1263 1 0
1263 1217 4 0
1258 1264 12 0
1264 1265 4 0
1265 1266 5 0
1266 1267 2 0
1267 1268 3 0
1268 1269 4 0
1269 1270 7 0
1270 1271 6 0
1271 1272 4 0
1272 1273 6 0
1273 1274 4 0
1274 1275 4 0
1275 1276 5 0
1276 1277 3 0
1277 1278 6 0
1278 1279 1 0
1279 1280 7 0
1280 1281 1 0
1281 1282 1 0
1282 1283 1 0
1283 1284 1 0
1284 1285 1 0
1285 1286 1 0
1286 1287 1 0
1287 1288 1 0
1288 1260 1 0
1289 1290 2 0
1290 1291 1 0
1291 1292 1 0
1292 1293 1 0
1293 1294 1 0
1294 1295 1 0
1295 1296 2 0
1296 1297 2 0
1297 1298 1 0
1298 1299 2 0
1299 1300 1 0
1301 1194 10 0
1194 1302 8 0
1302 1303 10 0
1303 1304 8 0
1128 1305 2 0
1305 1306 2 0
1306 1307 2 0
1307 1308 0 0
1308 1309 1 0
1309 1310 0 0
1310 1311 1 0
1311 1312 1 0
1312 1313 1 0
1313 1314 1 0
1314 1315 1 0
1315 1316 1 0
1316 1317 1 0
1128 1318 3 0
1318 1319 2 0
1319 1320 1 0
1320 1321 2 0
1321 1322 1 0
1322 1323 2 0
1323 1324 1 0
1324 1325 1 0
1325 1326 1 0
1326 1327 2 0
1327 1328 2 0
1328 1329 4 0
1329 1330 1 0
1330 1331 1 0
1331 1332 1 0
1332 1333 0 0
1333 1334 1 0
1334 1335 1 0
1336 1337 1 0
1337 1338 4 0
1338 1339 2 0
1339 1340 1 0
1340 1341 3 0
1341 1342 2 0
1346 1347 3 0
1347 1348 2 0
1348 1349 2 0
1349 1350 5 0
1350 1351 4 0 0 0 0
1351 1352 5 0 0 0 0
1352 1336 2 0 0 0 0 0
1336 1353 1 0 0 0 0
1353 1354 3 0 0 0 0
1354 1355 5 0 0 0 0 0 0
1355 1356 1 0 0 0 0 0 0
1356 1357 3 0 0 0 0 0 0
1357 1358 3 0 0 0 0 0 0
1358 1359 2 0 0 0 0 0 0 0 0
1359 1141 1 0 0 0 0 0 0 0 0 0 0 0 0
901 1343 4 0
1343 1344 3 0
1344 1345 2 0
1345 1128 5 0
1128 1346 6 0 0
1346 1130 4 0 0
1130 1342 4 0 0
1342 1341 5 0 0
1341 1340 2 0
1340 1339 1 0
1339 1354 4 0 0
1130 1360 5 0
1360 1361 2 0
1361 1362 2 0
1362 1363 4 0
1363 1364 2 0
1364 1365 3 0
1365 1366 2 0
1366 1367 1 0
1367 1368 2 0
1368 1369 3 0
1369 1370 1 0
1370 1371 1 0
1371 1372 1 0
1372 1373 2 0
1373 1374 2 0
1374 1375 3 0
1375 1118 7 0
1350 1376 3 0
1376 1377 2 0
1377 1342 3 0
1342 1130 4 0
1342 1378 7 0
1130 1378 3 0
1378 1379 3 0
1379 1380 4 0
1380 1381 6 0
1381 1382 4 0
1382 1383 4 0
1383 1384 3 0
1384 1385 4 0
1385 1386 2 0
1386 1137 4 0
1380 1387 2 0
1387 1388 2 0
1388 1389 2 0
1389 1390 2 0
1380 1391 3 0
1391 1392 3 0
1392 1393 4 0
1393 1394 0 0
1394 1395 1 0
1395 1396 1 0
1396 1397 0 0
1397 1398 1 0
1398 1399 1 0
1399 1400 1 0
1400 1401 1 0
1401 1402 2 0
1402 1403 2 0
1403 1404 1 0
1404 1405 2 0
1405 1406 2 0
1406 1407 1 0
1407 1355 1 0
1149 1408 2 0
1408 1409 1 0
1409 1410 1 0
1410 1411 1 0
1411 1412 2 0
1412 1137 3 0
1137 1413 4 0
1413 1414 3 0
1414 1415 1 0
1415 1416 1 0
1416 964 9 0
1426 1427 3 0 0
1417 1418 3 0 0 0
1418 1419 3 0 0 0
1419 1420 2 0
1420 1421 3 0
1421 1422 1 0
1422 1423 2 0
1423 1424 4 0
1424 1425 3 0 0
1425 1426 2 0 0
1426 1428 6 0
1428 1429 4 0
1429 1430 2 0
1430 1431 6 0
1431 1432 6 0
1432 1140 5 0
1433 1434 3 0
1434 1435 1 0
1435 1424 1 0
1441 1442 4 0
1442 1443 5 0
1358 1458 4 0
1458 1459 3 0 0 0 0
1023 1436 3 0
1436 1437 5 0
1437 1438 3 0
1438 1439 3 0
1439 1440 4 0
1440 1441 3 0
1441 1449 3 0
1449 1450 1 0
1450 1451 3 0
1451 1452 4 0
1452 1453 2 0
1453 1454 4 0
1454 1455 3 0
1455 1456 3 0
1456 1457 1 0
1457 1350 4 0
1448 1463 2 0 0
1463 1464 3 0 0
1464 1465 2 0 0
1352 1351 5 0
1351 1460 3 0
1460 1461 7 0
1461 1462 2 0
1462 1448 2 0
1448 1466 3 0
1336 1467 1 0
1467 1468 2 0
1468 1469 1 0
1469 1470 3 0
1470 1471 4 0
1471 1472 3 0
1472 1473 3 0
1473 1458 1 0
1458 1359 2 0 0 0 0 0
1141 1474 2 0 0 0 0 0 0 0 0 0 0 0
1474 1141 2 0 0 0 0
1141 1359 1 0 0 0 0
1359 1358 2 0 0 0
1358 1475 4 0 0 0
1475 1476 1 0 0 0
1476 1477 3 0 0 0
1477 1478 5 0 0 0
1478 1479 4 0 0 0
1479 1480 3 0 0 0
1480 1481 4 0 0
1481 1482 3 0 0
1482 1483 3 0 0
1483 1149 4 0 0
1141 1484 2 0 0
1484 1485 2 0
1485 1486 1 0
1486 1487 1 0 0
1487 1488 2 0 0
1488 1489 1 0 0
1489 1490 2 0 0
1490 1491 1 0 0
1491 1492 2 0 0
1492 1493 1 0 0
1493 1494 2 0 0
1494 1495 3 0 0
1484 1496 2 0
1496 1497 1 0
1497 1498 1 0
1498 1499 1 0
1499 1500 3 0
1500 1501 2 0
1501 1502 4 0
1503 1486 5 0
1495 1145 4 0
1358 1503 3 0
1146 1149 7 0 0
1459 1458 3 0 0 0
1458 1504 3 0 0 0
1504 1141 2 0 0 0
1141 1503 3 0 0 0 0 0
1503 1505 1 0 0 0 0 0
1505 1506 2 0 0 0 0 0
1506 1507 3 0 0 0 0 0
1507 1508 2 0 0 0 0 0
1508 1142 1 0 0 0 0 0
1142 1509 2 0 0 0 0
1509 1510 2 0 0 0 0
1510 1511 5 0 0 0 0
1511 1433 2 0 0 0 0
1433 1512 4 0 0 0 0
1512 1513 3 0 0 0 0
1513 1514 2 0 0 0 0
1514 1419 1 0 0 0 0
1419 1515 4 0 0 0
1515 1516 2 0 0 0
1516 1517 4 0 0 0
1517 1518 3 0 0 0
1518 1519 3 0 0 0
1519 1520 4 0 0 0
1520 1521 3 0 0 0
1474 1522 12 0 0 0
1522 1523 2 0 0 0
1523 1524 1 0 0 0
1524 1525 1 0 0 0
1525 1526 2 0 0 0
1526 1527 1 0 0 0
1527 1528 2 0 0 0
1528 1529 3 0 0 0
1529 1530 3 0 0 0
1530 1531 1 0 0 0
1531 1532 3 0 0 0
1532 1533 2 0 0 0
1533 1534 2 0 0 0
1534 1535 3 0 0 0
1535 1417 2 0 0 0
1474 1536 1 0
1536 1537 1 0
1537 1538 1 0
1538 1539 1 0
1539 1540 1 0
1540 1541 1 0
1541 1542 1 0
1542 1543 2 0
1543 1544 1 0
1544 1545 2 0
1545 1546 1 0
1546 1547 1 0
1547 1548 1 0
1548 1549 2 0
1549 1550 2 0
1550 1551 1 0
1551 1552 1 0
1552 1553 1 0
1553 1554 1 0
1555 1556 5 0
1417 1557 2 0
1557 1558 3 0
1558 1559 5 0
1559 1560 3 0
1560 1561 3 0
1561 1562 6 0
1562 1521 3 0
1521 1563 2 0
1563 1564 2 0
1564 1565 4 0
1565 1566 3 0
1566 1567 1 0
1567 1568 3 0
1568 1569 1 0
1569 1570 2 0
1570 1571 2 0
1571 1572 1 0
1572 1573 2 0
1573 1574 2 0
1574 1575 2 0
1575 1576 0 0
1141 1504 2 0 0 0 0 0
1504 1458 3 0 0 0 0 0
1458 1577 7 0 0
1577 1578 3 0 0
1584 1585 4 0 0
1474 1579 5 0 0 0 0 0 0
1579 1578 3 0 0
1578 1580 3 0 0 0
1580 1581 3 0 0 0
1581 1582 3 0 0 0
1582 1583 4 0 0 0
1583 1584 3 0 0 0
1584 1586 6 0 0
1586 1587 3 0 0
1587 1588 5 0 0 0
1588 1417 2 0 0 0
1589 1590 0 0
1590 1591 0 0
1591 1592 0 0
1592 1585 0 0
1359 1458 2 0 0
1459 1597 12 0
1505 1503 1 0
1503 1141 3 0
1597 1602 5 0 0
1602 1603 4 0 0
1603 1604 3 0 0
1604 1605 4 0 0
1605 1584 2 0 0
1600 1606 3 0 0 0
1606 1607 2 0 0
1607 1608 3 0
1608 1609 2 0
1609 1610 3 0
1610 1611 2 0
1611 1612 2 0
1612 1613 2 0
1613 1614 3 0
1614 1589 4 0
1589 1615 5 0
1615 1616 2 0
1616 1617 2 0
1617 1618 5 0
1618 1619 5 0
1619 1587 2 0
1632 1633 1 0
1633 1634 3 0
1634 1635 3 0
1635 1636 1 0
1636 1637 2 0
1637 1631 2 0
1620 1621 2 0 0 0
1621 1622 4 0
1622 1623 2 0
1623 1624 4 0
1624 1625 3 0
1625 1626 4 0 0
1626 1627 1 0 0
1627 1628 3 0 0 0
1628 1629 3 0 0 0
1629 1630 5 0 0
1630 1631 2 0 0
1631 1638 3 0 0
1638 1639 3 0 0
1639 1458 2 0 0
1466 1448 3 0
1465 1640 3 0
1640 1641 2 0
1641 1642 1 0
1642 1643 5 0
1643 1644 5 0
1644 1627 3 0
1629 1645 4 0
1645 1646 5 0
1646 1647 3 0
1647 1648 3 0
1648 1600 1 0
1621 1649 1 0 0
1649 1650 2 0 0
1650 1651 5 0 0
1651 1652 6 0 0
1652 1653 4 0 0
1653 1654 2 0 0
1654 1600 7 0 0
1655 1656 1 0
1656 1657 2 0
1657 1658 3 0
1658 1659 10 0
1659 1660 3 0
1660 1620 2 0
1620 1661 2 0
1661 1662 4 0
1662 1663 3 0
1663 1664 3 0
1664 1665 5 0
1579 1598 3 0 0 0 0
1598 1597 6 0 0 0 0
1597 1599 13 0 0 0
1599 1600 5 0 0 0
1600 1601 4 0 0
1601 1666 1 0
1666 1667 2 0
1667 1668 1 0
1417 1588 2 0
1588 1587 5 0
1587 1586 3 0
1586 1584 6 0
1584 1583 3 0
1583 1582 4 0
1582 1581 3 0 0
1581 1580 3 0 0
1580 1578 3 0 0
1578 1579 3 0 0
1579 1474 5 0 0
1662 1620 6 0
1600 1599 5 0 0 0
1599 1597 4 0 0 0
1597 1459 12 0
1597 1596 10 0 0
1596 1459 2 0
1128 1130 4 0
1341 1339 3 0
1530 1529 3 0
1529 1528 3 0
1528 1527 2 0
1527 1526 1 0
1526 1525 2 0
1525 1524 1 0
1524 1523 1 0
1523 1522 2 0
1522 1474 12 0
1458 1473 1 0
1473 1472 3 0
1472 1471 3 0
1471 1470 4 0
1470 1469 3 0
1469 1468 1 0
1468 1467 2 0
1467 1336 1 0
1336 1352 2 0
1596 1595 3 0
1595 1594 3 0
1594 1593 3 0
1593 1458 3 0
1669 1670 4 0
1670 1671 4 0
1671 1672 3 0
1672 1673 2 0
1673 1674 4 0
1674 1675 4 0
1675 1676 4 0
1676 1677 2 0
1677 1601 2 0
1601 1600 4 0 0
1597 1598 6 0
1598 1577 2 0
1577 1458 7 0
1620 1678 2 0
1678 1679 1 0
1679 1680 2 0
1680 1681 2 0
1681 1682 3 0
1682 1683 3 0
1683 1684 4 0
1684 1685 3 0
1685 1686 2 0
1686 1687 3 0
1687 1688 6 0
1688 1689 3 0
1689 1690 2 0
1690 1691 3 0
1691 1692 2 0
1692 1693 2 0
1693 1694 3 0
1694 1695 1 0
1695 1696 1 0
1696 1697 1 0
1697 1698 2 0
1698 1699 1 0
1699 1700 1 0
1700 1701 1 0
1701 1702 3 0
1702 1703 2 0
1703 1704 2 0
1704 1705 4 0
1685 1684 3 0
1684 1706 5 0
1706 1707 7 0
1707 1708 8 0
1708 1709 2 0
1709 1668 2 0
1668 1667 1 0
1667 1666 2 0
1666 1601 1 0
1710 1694 1 0
1694 1711 3 0
1711 1712 4 0
1712 1713 3 0
1713 1714 4 0
1714 1715 5 0
1715 1716 3 0
1716 1669 7 0
1669 1717 4 0
1717 1718 3 0
1718 1719 4 0
1719 1720 4 0
1720 1721 2 0
1721 1722 1 0
1722 1723 3 0
1723 1724 1 0
1724 1725 4 0
1459 1596 2 0 0
1596 1597 10 0 0
1601 1677 2 0
1677 1676 2 0
1676 1675 4 0
1675 1674 4 0
1674 1673 4 0
1673 1672 2 0
1672 1671 3 0
1671 1670 4 0
1670 1669 4 0
1669 1726 4 0 0
1726 1727 3 0 0
1727 1728 4 0
1728 1729 3 0
1729 1730 3 0
1730 1705 6 0
1674 1731 1 0
1731 1732 3 0
1732 1733 2 0
1733 1734 2 0
1734 1735 2 0
1735 1736 3 0
1736 1737 1 0
1737 1738 1 0
1738 1739 3 0
1739 1740 2 0
1740 1741 1 0
1741 1725 4 0
1705 1742 2 0
1742 1743 4 0
1743 1744 2 0
1744 1745 1 0
1745 1746 2 0
1746 1747 5 0
1747 1748 1 0 0
1606 1749 2 0
1749 1750 2 0
1750 1751 1 0
1751 1752 4 0
1752 1753 3 0
1753 1754 2 0
1754 1755 4 0
1755 1756 4 0
1756 1725 3 0
1725 1757 4 0
1757 1758 3 0
1758 1759 2 0
1759 1760 6 0
1760 1761 5 0
1761 1762 4 0 0
1762 1763 2 0 0
1763 1764 4 0 0
1727 1765 2 0
1765 1766 5 0
1766 1767 2 0
1767 1768 2 0
1768 1769 4 0
1769 1770 4 0
1770 1761 4 0
1725 1771 7 0
1771 1772 3 0
1772 1773 3 0
1773 1774 2 0
1774 1775 3 0
1775 1776 2 0 0
1776 1777 5 0
1777 1778 6 0
1778 1779 6 0
1761 1780 8 0
1780 1781 2 0
1781 1782 4 0
1782 1783 4 0
1783 1784 2 0
1784 1785 4 0
1785 1786 2 0
1786 1787 3 0
1787 1788 3 0
1788 1789 3 0
1789 1790 2 0
1790 1791 2 0
1791 1792 2 0
1764 1793 4 0
1793 1794 2 0
1794 1795 2 0
1795 1796 1 0
1796 1797 1 0
1797 1798 1 0
1798 1799 2 0
1799 1800 2 0
1800 1801 2 0
1801 1802 2 0
1802 1803 1 0
1803 1804 3 0
1804 1805 4 0
1805 1788 3 0
1803 1806 3 0
1806 1807 2 0
1807 1808 1 0
1808 1809 2 0
1809 1810 2 0
1810 1811 1 0
1811 1812 1 0
1812 1813 4 0
1748 1814 2 0
1814 1815 1 0
1815 1816 4 0
1816 1817 1 0
1817 1818 1 0
1818 1819 2 0
1820 1821 2 0
1764 1822 67 0
1822 1823 1 0
1823 1824 1 0
1824 1825 2 0
1825 1826 1 0
1826 1827 1 0
1827 1828 1 0
1828 1829 1 0
1829 1830 1 0
1830 1831 1 0
1831 1832 1 0
1832 1833 1 0
1705 1834 6 0
1834 1835 2 0
1835 1836 2 0
1836 1837 4 0
1837 1838 4 0
1838 1839 4 0
1839 1840 6 0
1840 1764 2 0
1764 1841 4 0
1841 1842 5 0
1842 1780 3 0
1780 1843 5 0
1843 1844 5 0
1844 1845 8 0
1845 1846 5 0
1846 1775 6 0
1776 1847 11 0
1847 1560 3 0
1560 1559 3 0
1559 1558 5 0
1558 1557 3 0
1557 1417 2 0
1856 1857 24 0
1764 1840 2 0
1840 1848 5 0
1848 1849 5 0
1849 1850 1 0
1850 1748 2 0
1748 1851 2 0
1851 1820 5 0
1820 1852 4 0
1852 1853 3 0
1853 1854 3 0
1854 1855 4 0
1855 1856 3 0
1856 1858 5 0
1858 1859 15 0
1859 1860 4 0
1860 1857 8 0
1857 1861 2 0
1861 1862 3 0
1862 1863 4 0
1863 1864 3 0
1864 1865 4 0
1865 1866 6 0 0
1866 1867 2 0 0
1867 1868 5 0 0
1868 1869 7 0 0
1869 1870 7 0 0
1521 1871 3 0
1871 1872 6 0
1872 1873 3 0
1873 1874 3 0
1874 1875 2 0
1875 1876 3 0
1876 1877 4 0
1877 1878 7 0
1878 1865 2 0
1870 1879 2 0
1879 1880 1 0
1880 1881 4 0
1881 1882 1 0
1882 1883 2 0
1883 1884 2 0
1884 1885 1 0
1885 1868 1 0
1868 1886 4 0
1886 1887 1 0
1887 1888 1 0
1888 1889 4 0
1889 1890 5 0
1890 1891 1 0
1891 1892 2 0
1892 1893 2 0
1893 1894 4 0
1894 1895 5 0
1895 1896 5 0
1896 1897 3 0
1897 1898 2 0
1898 1899 20 0
1899 1900 2 0 0
1900 1901 3 0 0
1901 1902 5 0 0
1902 1903 7 0 0
1903 1904 4 0 0
1904 1906 14 0
1906 1907 4 0
1907 1908 2 0
1908 1909 3 0
1909 1910 3 0
1910 1911 2 0
1911 1912 3 0
1912 1913 4 0
1913 1914 6 0
1914 1915 6 0
1915 1916 7 0
1870 1917 2 0 0 0
1917 1918 2 0 0 0
1918 1919 2 0 0 0
1919 1920 3 0 0 0
1920 1921 2 0 0 0
1921 1922 7 0
1922 1923 6 0
1923 1924 6 0
1924 1925 6 0
1925 1926 3 0
1926 1927 5 0
1927 1928 2 0
1928 1929 3 0
1929 1930 6 0
1930 1931 6 0
1931 1932 4 0
1932 1933 3 0
1933 279 10 0
1870 1934 1 0
1934 1935 1 0
1935 1936 4 0
1936 1937 6 0
1937 1938 5 0
1938 1939 3 0
1939 1940 5 0
1940 1941 4 0
1941 1942 7 0
1921 1943 6 0 0
1943 1944 1 0 0
1944 1945 6 0 0
1945 1946 5 0 0
1946 1947 3 0 0
1947 1948 4 0 0
1948 1949 2 0
1949 1950 4 0
1950 1951 5 0
1951 1952 6 0
1952 1953 3 0
1953 1916 5 0
1916 1954 5 0
1954 1955 2 0
1955 1956 6 0
1956 1957 12 0
1957 1958 9 0
1958 1959 4 0
1959 1960 1 0
1960 1961 3 0
1961 1962 1 0
1962 1963 1 0
1889 1888 4 0
1888 1887 1 0
1887 1886 1 0
1886 1868 4 0
1868 1885 1 0
1885 1884 1 0
1884 1883 2 0
1883 1882 2 0
1882 1881 1 0
1881 1880 4 0
1880 1879 1 0
1879 1870 2 0
1963 1964 2 0
1964 1965 1 0
1965 1966 2 0
1966 1967 1 0
1967 1968 5 0
1968 1969 2 0
1969 1970 1 0
1970 1971 0 0
1971 1972 4 0
1972 1973 4 0
1973 1974 2 0
1974 1975 7 0
1975 1976 6 0
1976 1977 2 0
1977 1978 2 0
1978 1979 4 0
1979 1980 4 0
1980 1981 4 0
1981 1982 3 0
1982 1983 2 0
1983 1984 5 0
1963 1962 1 0
1962 1961 1 0
1961 1960 3 0
1966 1985 2 0
1985 1960 3 0
1960 1959 1 0
1959 1986 5 0
1986 1987 3 0
1987 1988 3 0
1988 1989 3 0
1989 1990 2 0
1990 1991 4 0
1991 1992 7 0
1992 1993 7 0
1993 1905 9 0
1905 1899 7 0
