1 2 1 0
2 3 6 0
3 4 6 0
4 5 2 0
5 6 6 0
6 7 7 0
7 8 2 0
8 9 4 0
9 10 3 0 0
10 11 2 0 0
11 12 1 0 0
12 13 2 0 0
13 14 3 0 0
14 15 1 0 0
15 16 2 0 0
16 17 3 0 0
17 18 5 0 0
18 19 5 0
19 20 5 0
20 21 6 0
21 22 6 0
22 23 3 0
23 24 9 0
24 25 4 0
25 26 4 0
26 27 4 0
27 28 5 0
28 29 6 0
29 30 3 0
30 31 7 0
31 32 4 0
32 33 4 0
33 34 4 0
34 35 3 0
35 36 7 0
36 37 4 0
37 38 5 0
38 39 7 0
39 40 5 0
40 41 4 0
41 42 3 0
42 43 7 0
43 44 6 0
44 45 3 0
45 46 4 0
46 47 5 0
47 48 2 0 0 0
48 49 6 0 0
49 50 3 0
50 51 2 0
51 52 6 0
52 53 3 0
53 54 8 0
54 55 7 0
55 56 9 0
56 57 8 0
57 58 4 0
58 59 2 0
59 60 5 0
60 61 5 0
61 62 8 0
62 63 2 0
63 64 2 0
64 65 4 0
65 66 4 0
66 67 6 0
67 68 5 0
68 69 8 0
69 70 7 0
70 71 9 0
71 72 7 0
72 73 11 0
74 75 4 0
75 76 4 0
76 9 4 0
36 77 4 0
77 78 2 0
78 79 4 0
79 80 4 0
80 81 7 0
81 82 11 0
82 83 7 0
83 84 3 0
84 85 8 0
85 86 5 0
86 87 4 0
87 88 10 0
88 89 5 0
89 90 6 0
90 91 6 0
91 92 9 0
92 93 2 0
93 94 4 0
94 95 4 0
95 96 5 0
96 97 5 0
97 98 4 0
98 99 3 0
99 100 3 0
47 46 5 0
46 45 4 0
45 44 3 0
44 43 6 0
43 101 6 0
101 102 5 0
102 103 4 0
103 104 4 0
104 105 4 0
105 106 5 0
49 107 4 0
107 108 6 0
13 109 2 0 0
109 110 3 0 0
110 111 6 0
111 112 2 0
112 113 5 0
113 114 1 0
114 115 3 0
115 116 2 0
116 117 3 0
117 118 4 0
118 119 2 0
119 120 3 0
120 121 3 0
121 122 3 0
122 123 4 0
123 124 4 0
124 125 1 0
125 126 5 0
126 127 3 0
127 128 2 0
128 129 3 0
129 130 3 0
130 131 3 0
131 132 6 0
132 133 2 0
133 134 4 0
134 135 3 0
135 136 1 0
136 137 2 0
137 138 3 0
138 139 4 0
139 140 3 0
140 141 3 0
141 142 8 0
142 143 4 0
143 144 6 0
144 145 6 0
145 146 13 0
146 147 3 0
147 148 7 0
148 149 4 0
149 150 8 0
150 151 10 0
151 152 9 0
152 153 8 0
153 154 5 0
154 155 2 0
155 156 7 0
156 157 14 0
157 158 7 0
158 159 6 0
159 160 11 0
160 161 7 0
161 162 3 0
162 163 11 0
163 164 5 0
164 165 5 0
165 166 4 0
166 167 8 0
167 168 6 0
168 169 6 0
169 170 3 0
170 171 8 0
171 172 6 0
172 173 4 0
173 174 6 0
174 175 11 0
175 176 4 0
176 177 9 0
177 178 3 0
178 179 6 0
179 180 6 0
180 181 4 0
181 182 3 0
182 183 4 0
183 184 4 0
184 185 4 0
185 186 5 0
186 187 5 0
187 188 4 0
188 189 4 0
189 190 5 0
190 191 6 0
191 192 5 0
192 193 9 0
193 194 7 0
194 195 6 0
195 196 3 0
196 197 5 0
197 198 9 0
198 199 3 0
199 200 4 0
200 201 14 0 0
201 202 6 0 0
202 203 3 0 0
203 204 7 0 0
204 205 3 0 0
205 206 4 0 0
206 207 5 0 0
207 208 3 0 0
208 209 5 0 0
209 210 3 0 0 0
210 211 3 0 0 0
211 212 3 0 0 0
212 213 6 0 0 0
213 214 3 0 0 0
214 215 1 0 0 0
215 216 2 0 0 0
216 217 4 0 0 0
217 218 7 0 0 0
218 219 2 0 0 0
155 154 2 0
154 153 5 0
153 220 5 0
220 221 4 0
221 222 2 0
222 223 3 0
223 224 6 0
224 225 4 0
225 226 5 0
226 227 4 0
227 228 4 0
228 229 6 0
230 231 6 0
231 232 4 0
232 233 2 0
233 234 4 0
234 235 5 0
235 236 4 0
236 237 1 0
237 238 3 0
238 239 3 0
239 240 3 0
240 241 5 0
241 242 5 0
242 243 4 0
243 244 3 0
244 245 7 0
245 246 4 0
246 247 5 0
247 248 6 0
248 249 3 0
249 160 6 0
160 250 18 0
250 251 9 0
251 252 9 0
252 253 9 0
253 254 3 0
195 255 8 0
255 256 5 0
256 257 3 0
257 258 9 0
258 259 9 0
259 260 5 0
260 261 2 0
261 262 5 0
262 263 4 0
219 218 2 0
218 217 7 0
217 216 4 0
216 214 3 0
214 213 3 0
213 212 6 0
212 211 3 0
211 264 5 0
264 265 6 0
265 266 3 0
266 267 6 0
267 268 10 0
268 269 6 0
269 270 6 0
270 271 7 0
271 272 9 0
272 273 7 0
273 274 8 0
274 275 12 0
275 276 4 0
276 277 4 0
277 278 10 0
18 279 5 0
279 280 2 0
280 281 13 0
281 282 2 0
282 283 4 0
283 284 3 0
284 285 2 0
285 286 3 0
286 287 2 0
287 288 5 0
288 289 7 0
289 28 6 0
28 290 2 0
290 291 5 0
291 292 4 0
292 293 4 0
293 294 7 0
294 295 9 0
295 296 7 0
296 297 9 0
297 298 8 0
298 299 6 0
299 300 3 0
300 301 4 0
301 302 4 0
302 303 3 0
303 304 6 0
304 305 8 0
305 306 8 0
306 307 6 0
307 308 3 0
308 309 3 0
309 310 3 0
310 311 3 0
311 312 3 0
312 313 3 0
313 314 3 0
314 315 3 0
315 316 4 0
316 317 9 0
317 318 7 0
318 319 8 0
319 320 8 0
320 321 5 0
321 322 8 0
322 323 4 0
323 324 4 0
324 325 5 0
325 326 7 0
326 327 5 0
327 328 4 0
328 329 6 0
329 330 2 0
330 331 3 0
331 332 7 0
332 333 8 0
333 334 5 0
334 335 9 0
335 336 10 0
336 337 7 0 0
337 338 4 0 0
338 339 9 0 0
339 340 14 0 0
340 341 6 0
341 342 5 0
342 343 6 0
343 344 2 0
344 345 6 0
345 346 5 0
346 347 5 0
347 348 6 0
348 349 2 0
349 350 4 0
350 351 4 0
351 352 7 0
352 353 3 0
353 354 3 0
354 355 4 0
355 356 5 0
356 357 7 0
357 263 3 0
263 358 4 0
358 359 5 0
359 360 9 0
360 361 7 0
361 362 11 0
362 209 4 0
367 368 3 0
368 369 3 0
110 363 4 0
363 364 2 0
364 365 3 0
365 366 3 0
366 367 4 0
367 370 3 0
370 369 3 0
369 281 7 0
371 372 3 0
372 373 2 0
373 374 12 0
374 375 5 0
375 376 5 0
376 377 4 0
377 378 5 0
378 379 7 0
379 380 6 0
380 381 7 0
381 382 6 0
382 383 8 0
383 384 3 0
384 385 6 0
385 386 7 0
386 387 3 0
387 388 2 0
388 389 3 0
389 390 4 0
390 391 3 0
391 392 4 0
392 393 8 0
393 169 3 0
169 394 3 0
394 395 2 0
395 396 7 0
396 397 2 0
397 398 2 0
398 399 5 0
399 400 7 0
400 401 5 0
401 402 3 0
402 403 2 0
403 404 4 0
404 405 4 0
405 406 6 0
406 407 3 0
407 408 3 0
408 409 4 0
409 410 6 0
410 411 7 0
411 412 4 0
412 413 7 0
413 414 6 0
414 415 9 0
415 320 6 0
320 319 8 0
319 416 6 0
416 417 7 0
417 418 14 0
418 419 5 0
419 420 3 0
420 421 5 0
421 422 10 0
422 423 7 0
423 424 8 0
424 425 2 0
425 426 7 0
426 427 6 0
427 62 4 0
62 428 13 0
428 429 10 0
429 430 14 0
430 431 5 0
431 432 4 0
432 433 6 0
433 434 4 0
434 435 3 0
435 436 3 0
436 437 3 0
437 438 2 0
438 439 6 0
439 440 3 0
440 441 2 0
441 442 2 0
442 443 2 0
443 444 5 0
444 445 5 0
445 446 5 0
446 447 4 0
447 448 7 0
448 449 2 0
449 450 3 0
450 451 6 0
452 453 5 0
453 454 4 0
454 455 2 0
455 405 6 0
13 456 3 0 0
456 457 7 0 0
457 458 8 0 0
458 459 6 0 0
459 460 2 0 0
460 461 1 0 0
461 462 3 0 0
462 463 3 0 0
463 464 2 0 0
464 465 3 0 0
465 466 2 0 0
466 467 4 0 0
467 468 4 0 0
468 469 6 0
469 470 4 0
470 471 2 0
471 472 4 0
472 473 4 0
473 474 5 0
474 475 5 0
475 476 3 0
476 477 6 0
477 478 1 0
478 479 3 0
479 480 5 0
480 481 2 0
481 482 2 0
482 483 4 0
483 484 5 0
484 485 4 0
485 486 7 0
486 487 3 0
487 488 3 0
488 489 9 0
489 490 5 0
490 491 3 0
491 492 8 0
492 493 7 0
493 494 4 0
494 495 3 0
495 496 4 0
496 497 5 0
497 498 6 0
498 499 6 0
499 500 5 0
500 501 6 0
501 502 5 0
502 503 5 0
503 504 3 0
479 505 7 0
505 506 3 0
506 507 4 0
507 508 3 0
508 509 2 0
501 510 1 0
510 511 5 0
511 512 4 0
13 12 2 0
12 11 1 0
11 10 2 0
10 9 2 0
9 513 8 0
513 514 6 0
514 515 6 0
515 516 5 0
516 517 2 0
517 518 1 0
518 519 2 0
519 520 3 0
520 463 15 0
468 521 6 0
521 522 4 0
522 523 2 0
523 524 2 0
524 525 2 0
525 526 5 0
526 527 5 0
527 528 8 0
528 529 2 0
529 530 5 0
530 531 3 0
531 532 3 0
532 533 7 0
533 534 8 0
534 535 3 0
535 536 4 0
536 537 2 0
537 538 2 0
538 539 2 0
539 540 2 0
540 541 3 0
541 542 3 0
542 543 5 0
137 544 6 0
544 545 2 0
545 546 10 0
546 547 4 0
547 548 7 0
548 549 3 0
549 550 8 0
550 551 7 0
551 552 4 0
552 553 2 0
553 554 4 0
554 555 6 0
555 556 6 0
556 557 10 0
557 558 6 0
558 559 9 0
559 560 6 0
560 561 4 0
561 562 10 0
562 563 6 0
563 564 2 0
564 565 3 0
565 566 9 0
566 567 5 0
567 568 6 0
568 569 7 0
569 570 9 0
570 571 6 0
571 572 4 0
572 573 4 0
573 574 6 0
554 575 5 0
575 576 8 0
576 577 6 0
577 578 6 0
578 579 4 0
579 580 7 0
559 581 3 0
581 582 4 0
582 583 4 0
583 584 3 0
584 585 3 0
585 586 5 0
589 588 10 0
48 587 6 0
587 588 8 0
588 590 6 0
590 591 11 0
591 592 7 0
592 593 4 0
593 594 5 0
594 595 8 0
595 596 4 0
596 597 11 0
597 598 9 0
598 422 2 0
422 421 10 0
421 420 5 0
420 419 3 0
419 418 5 0
418 599 9 0
599 600 5 0
600 601 4 0
601 602 7 0
602 603 8 0
603 604 12 0
604 605 10 0
605 606 6 0
606 607 5 0
607 608 12 0
608 609 8 0
609 336 7 0
340 610 5 0
610 611 3 0
611 612 3 0
612 613 4 0
613 614 5 0
614 615 5 0
615 616 14 0
616 617 3 0
617 618 1 0
618 619 6 0
619 620 10 0
620 621 2 0
47 589 6 0 0 0
589 622 6 0
622 623 4 0
623 624 11 0
624 625 8 0
625 626 6 0
626 627 4 0
627 628 7 0
628 629 5 0
629 630 8 0
630 631 12 0
589 632 8 0 0
632 633 6 0 0
633 634 6 0 0
634 635 5 0 0
635 636 3 0 0
636 637 5 0
637 638 2 0
638 639 2 0
639 640 2 0
640 641 1 0
641 642 6 0
642 643 8 0
643 304 7 0
636 644 9 0
644 645 9 0
373 372 2 0
372 371 3 0
371 646 10 0
646 647 5 0
647 648 7 0
648 649 12 0
649 650 9 0
650 651 4 0
651 652 9 0
652 653 5 0
653 654 5 0
654 655 11 0
655 656 11 0
656 657 8 0
657 658 7 0
658 659 7 0
659 660 7 0
660 661 5 0
661 662 4 0
662 663 4 0
663 200 7 0
664 665 6 0
665 666 11 0
666 667 9 0
667 668 9 0
668 669 8 0
669 670 5 0
670 671 4 0
671 672 8 0
672 673 7 0
673 674 6 0
674 675 6 0
675 676 7 0
676 677 5 0
677 678 3 0
678 679 4 0
679 680 3 0
680 681 4 0
681 656 8 0
