55 56 4 0
56 57 4 0
57 58 2 0
58 59 5 0
59 60 4 0
60 54 10 0
1 2 3 0 0
2 3 5 0
3 4 6 0
4 5 8 0
5 6 5 0
6 7 6 0
7 8 6 0
8 9 6 0
9 10 5 0
10 11 2 0
11 12 7 0
12 13 6 0
13 14 5 0
14 15 4 0
15 16 3 0
16 17 6 0
17 18 4 0
18 19 3 0
19 20 5 0
20 21 3 0
21 22 4 0
22 23 2 0
23 24 4 0
24 25 8 0
25 26 3 0
26 27 3 0
27 28 2 0
28 29 3 0
29 30 4 0
30 31 8 0
31 32 3 0
32 33 2 0
33 34 2 0
34 35 1 0
35 36 2 0
36 36 1 0
36 37 3 0
37 38 11 0
38 39 4 0
39 40 3 0
40 41 3 0
41 42 5 0
42 43 2 0
43 44 3 0
44 45 8 0
45 46 6 0
46 47 4 0
47 48 5 0
48 49 3 0
49 50 4 0
50 51 3 0
51 52 6 0
52 53 2 0
53 54 7 0
54 61 5 0
61 62 3 0
62 63 4 0
63 64 3 0
64 65 6 0
65 66 2 0
66 67 4 0
67 68 3 0
68 69 6 0
69 70 4 0
70 71 4 0
71 72 3 0
72 73 6 0
73 74 6 0
74 75 2 0
75 76 2 0
76 77 3 0
77 78 6 0
78 79 4 0
79 80 6 0
80 81 4 0
81 82 4 0
82 83 9 0
83 84 4 0
84 85 4 0
85 86 2 0
86 87 8 0
87 88 6 0
88 89 2 0
89 90 4 0
90 91 5 0
91 92 4 0
92 93 3 0
93 94 5 0
94 95 5 0
95 96 3 0
96 97 4 0
97 98 8 0
98 99 14 0
99 100 7 0
100 101 7 0
101 102 5 0
102 103 2 0
103 104 10 0
104 105 7 0
106 107 4 0
107 108 2 0
108 109 4 0
109 110 6 0
110 111 6 0
111 112 5 0
112 113 7 0
113 114 6 0
114 115 4 0
115 116 5 0
116 117 2 0
117 118 3 0
118 119 3 0
119 120 7 0
120 121 3 0
121 122 3 0
122 123 5 0
123 124 2 0
124 125 4 0
125 126 5 0
126 127 1 0
127 128 1 0
128 129 4 0
129 130 5 0
130 131 6 0
131 132 4 0
132 133 3 0
133 134 3 0
134 135 2 0
135 136 3 0
136 137 10 0
137 138 0 0
138 139 4 0
139 140 2 0
140 141 6 0
141 142 5 0
142 143 3 0
143 144 7 0
144 145 6 0
145 29 3 0
146 147 2 0
147 148 4 0
148 149 3 0
149 150 3 0
150 151 7 0
151 152 7 0
152 153 5 0
153 154 6 0
154 155 4 0
155 156 5 0
156 157 5 0
157 158 3 0
158 159 3 0
159 160 3 0
160 161 4 0
161 162 6 0
162 163 1 0
163 164 3 0
164 165 4 0
165 166 2 0
166 167 6 0
167 168 4 0
168 169 5 0
169 170 6 0
170 171 7 0
171 172 5 0
172 173 3 0
173 174 3 0
174 175 3 0
175 176 2 0
176 177 3 0
177 178 6 0
178 179 6 0
179 180 5 0
180 181 3 0
181 182 2 0
182 183 3 0
183 184 1 0
184 185 4 0
185 186 5 0
186 187 2 0
187 188 2 0
188 189 2 0
189 190 3 0
190 191 3 0
191 192 2 0
192 193 2 0
193 194 3 0
194 195 2 0
195 196 4 0
196 197 4 0
197 198 2 0
198 199 1 0
199 200 2 0
200 201 2 0
201 71 4 0
2 202 9 0
202 203 4 0
203 204 2 0
204 205 5 0
205 206 2 0
206 207 2 0
121 208 8 0
208 209 9 0
209 210 4 0
210 211 6 0
211 212 9 0
212 213 5 0
64 214 6 0
214 215 5 0
215 216 1 0
71 217 5 0
217 218 2 0
218 219 3 0
219 220 2 0
220 221 4 0
36 222 2 0
222 223 8 0
223 224 2 0
224 225 7 0
225 226 2 0
226 227 4 0
227 228 4 0
228 229 3 0
229 230 2 0
230 231 4 0
231 232 4 0
232 233 3 0
60 59 4 0
59 234 10 0
234 235 3 0
235 236 3 0
236 237 4 0
237 238 3 0
238 239 5 0
239 240 2 0
240 241 3 0
241 242 5 0
79 243 8 0
243 244 6 0
244 245 6 0
245 246 4 0
246 247 2 0
247 248 1 0
248 249 3 0
249 250 6 0
250 251 7 0
251 252 5 0
252 253 4 0
253 254 4 0
254 255 1 0
255 256 4 0
256 257 4 0
257 258 3 0
258 259 4 0
259 260 2 0
260 261 5 0
261 262 4 0
98 263 7 0
263 264 5 0
264 265 7 0
265 266 5 0
266 267 4 0
267 268 3 0
268 269 4 0
269 270 4 0
270 271 5 0
271 272 8 0
272 273 2 0
273 274 4 0
274 275 6 0
275 276 4 0
173 277 3 0
277 278 3 0
278 279 1 0
279 280 5 0
280 281 1 0
281 282 3 0
282 283 1 0
103 284 5 0
284 285 3 0
285 286 5 0
286 287 8 0
287 288 4 0
288 289 2 0
289 290 11 0
290 291 6 0
291 292 8 0
103 293 6 0
293 294 10 0
294 295 2 0
295 296 5 0
296 297 7 0
297 298 2 0
298 299 3 0
299 300 2 0
300 301 11 0
301 302 5 0
302 303 6 0
303 304 7 0
304 305 14 0
305 306 7 0
276 307 6 0 0
307 308 1 0 0 0
308 309 6 0 0
309 310 9 0
310 311 6 0
311 312 4 0
312 313 3 0
313 314 7 0
314 301 8 0
301 315 6 0
315 316 4 0
316 317 6 0 0
317 318 6 0
318 319 7 0
319 320 9 0
320 321 5 0
308 322 6 0
322 323 5 0
323 324 10 0
324 325 6 0
325 316 8 0
317 326 8 0
326 304 8 0
304 327 5 0
327 328 7 0
146 329 12 0
329 330 6 0
330 331 1 0
331 332 7 0
332 333 4 0
333 334 4 0
334 335 6 0
335 336 3 0
336 337 4 0
337 338 4 0
338 339 2 0
339 340 1 0
340 341 3 0
341 342 3 0
342 343 4 0
343 344 3 0
344 345 3 0
345 162 6 0
346 347 1 0 0 0 0 0
347 348 1 0
348 349 1 0
349 350 2 0 0 0
350 351 3 0 0 0 0
351 352 1 0 0 0 0
352 353 8 0 0 0
353 354 4 0 0 0
354 355 9 0 0 0
355 356 5 0 0 0
356 357 5 0 0 0
357 358 4 0 0 0
358 359 7 0 0 0
359 360 5 0 0 0
360 361 3 0 0 0
361 362 0 0 0 0 0
362 363 7 0 0
363 364 12 0
364 365 14 0
365 366 5 0
366 367 3 0
367 368 2 0
368 369 4 0
369 370 4 0
370 371 6 0
371 372 3 0
372 373 2 0
373 374 5 0
374 375 3 0
375 376 4 0
376 377 7 0
377 378 4 0
378 379 6 0
379 380 5 0
380 381 5 0
381 1 6 0
1 382 6 0
382 383 6 0
383 384 9 0
384 385 3 0
385 386 4 0
386 387 3 0
387 388 6 0
388 389 5 0
389 390 7 0
390 391 11 0
391 392 4 0
392 393 10 0
393 394 9 0
394 395 5 0
395 396 5 0
396 397 4 0
397 398 4 0
398 399 5 0
399 400 5 0
400 401 3 0
401 402 4 0
402 403 5 0
403 404 5 0
404 405 9 0
405 406 5 0
406 407 6 0
407 408 7 0
408 409 6 0
409 410 5 0
410 411 5 0
411 233 5 0
233 412 6 0
412 413 5 0
413 414 5 0
414 415 2 0
415 416 3 0
416 417 3 0
417 418 4 0
418 419 2 0
419 420 6 0
420 421 7 0
421 422 4 0
422 423 1 0
423 55 4 0
55 424 6 0
424 425 7 0
425 426 7 0
426 427 4 0
427 428 3 0
428 429 3 0
429 430 3 0
430 431 3 0
431 432 7 0
432 433 7 0
433 434 8 0
434 435 4 0
435 436 3 0
436 437 8 0
437 438 6 0
438 439 6 0
439 440 5 0
440 441 2 0 0
441 442 3 0 0
442 443 4 0 0
443 444 3 0 0
444 445 5 0
445 446 4 0
446 447 1 0
447 448 2 0
448 449 2 0
449 450 6 0
450 451 4 0
451 452 2 0
452 453 2 0
453 454 2 0
454 455 6 0
455 456 3 0
456 457 5 0
457 458 5 0
458 459 9 0
459 460 4 0
460 461 3 0
461 462 3 0
462 463 4 0
463 464 3 0
464 465 3 0
465 466 4 0
466 467 4 0
467 468 2 0
468 469 4 0
469 470 3 0
470 471 4 0
471 472 2 0
472 473 2 0
473 474 3 0
474 475 4 0
475 476 5 0
476 477 3 0
477 478 3 0
478 479 3 0
479 480 5 0
480 481 5 0
481 482 2 0
482 483 6 0
483 484 10 0
484 485 6 0 0
362 486 7 0
486 487 3 0
487 488 2 0
488 489 3 0
489 490 3 0
490 491 5 0
491 492 2 0
492 493 3 0
493 494 2 0
494 495 3 0
495 496 2 0
496 497 4 0
497 498 2 0
498 499 4 0
499 500 1 0
500 501 2 0
501 502 2 0
361 503 3 0
503 504 3 0
504 505 4 0
505 506 4 0
506 507 2 0
507 508 2 0
508 509 4 0
509 510 2 0
510 511 3 0
511 512 1 0
512 513 5 0
513 514 3 0
514 515 4 0
515 516 3 0
516 517 4 0
517 518 1 0
518 519 3 0
363 520 7 0
520 521 2 0
521 522 3 0
522 523 2 0
523 524 3 0
524 525 4 0
525 526 3 0
419 527 4 0
527 528 2 0
528 529 4 0
529 530 4 0
530 531 1 0
531 532 3 0
532 533 3 0
533 534 2 0
534 535 6 0
535 536 1 0
536 537 3 0
537 538 3 0
538 539 2 0
539 540 3 0
540 541 2 0
541 542 3 0
542 543 2 0
543 544 2 0
544 545 4 0
545 546 4 0
546 547 5 0
547 548 1 0
548 549 7 0
549 550 5 0
550 551 7 0
551 552 7 0
552 553 3 0
553 554 5 0
554 555 4 0
555 556 4 0
556 557 7 0
404 403 5 0
403 402 5 0
402 558 5 0
558 559 3 0
559 560 3 0
560 561 3 0
561 562 1 0
562 563 3 0
563 564 2 0
564 565 5 0
565 566 3 0
566 567 3 0
567 568 5 0
568 569 1 0
276 570 4 0
570 307 2 0
309 571 7 0
571 572 6 0
572 573 7 0
573 574 7 0
574 575 6 0
575 293 5 0
293 103 6 0
103 576 7 0 0
576 577 3 0 0
577 578 3 0 0
578 579 11 0 0
579 580 3 0
580 581 8 0
581 582 8 0
582 583 5 0
583 584 8 0
584 585 7 0
585 586 5 0
586 587 3 0
587 588 11 0
588 589 3 0
589 590 9 0
590 591 5 0
591 592 6 0
592 593 10 0
593 484 6 0
582 594 4 0
594 595 5 0
595 596 6 0
596 597 5 0
598 599 6 0
599 600 5 0
600 601 3 0
601 602 5 0
602 603 3 0
603 604 4 0
604 605 4 0
605 606 4 0
606 607 4 0
607 608 2 0
608 609 4 0
609 610 2 0
610 611 3 0
611 612 2 0
612 613 5 0
613 614 2 0
614 615 2 0
615 616 4 0
616 617 9 0
617 618 3 0
618 619 6 0
619 620 5 0
620 621 6 0
621 587 8 0
579 622 11 0
622 623 4 0
623 624 2 0
624 625 4 0
625 626 7 0
626 627 6 0
627 628 5 0
628 629 8 0
629 630 4 0
630 631 5 0
631 632 4 0
632 633 6 0
633 634 5 0
634 635 4 0
635 636 5 0
636 637 6 0
637 638 2 0
638 639 7 0
639 640 2 0
640 641 6 0
641 642 4 0
642 643 4 0
643 644 4 0
644 645 4 0
645 646 2 0
646 647 4 0
647 648 5 0
648 649 3 0
649 650 3 0
650 651 2 0
651 652 2 0
652 653 3 0
628 654 11 0
654 655 3 0
1 656 3 0
656 657 4 0
657 658 7 0
658 659 2 0
659 660 4 0
660 661 4 0
661 662 8 0
662 663 5 0
663 664 5 0
664 665 6 0
665 666 5 0
666 667 7 0
667 668 6 0
668 669 6 0
669 670 3 0
670 671 6 0
671 672 3 0
672 673 3 0
673 674 8 0
674 675 8 0
675 676 2 0
676 677 5 0
677 678 3 0
678 679 3 0
679 680 2 0
680 681 2 0
681 682 3 0
682 683 8 0
683 684 10 0
684 685 3 0
685 686 3 0
686 687 3 0
687 688 5 0
688 689 7 0
689 690 9 0
690 691 3 0
691 692 4 0
692 693 6 0
693 694 7 0
694 695 3 0
695 696 4 0
696 697 3 0
697 698 5 0
698 699 7 0
699 700 6 0
700 701 3 0
701 702 2 0
702 703 4 0
703 704 4 0
704 705 4 0
705 706 10 0
706 707 6 0
707 708 5 0
708 709 9 0
709 710 2 0
710 711 0 0
711 712 7 0
712 713 4 0 0
713 714 2 0
714 715 6 0
715 716 2 0
716 717 3 0
717 718 8 0
718 719 5 0 0
719 720 3 0 0
720 721 2 0 0
721 722 3 0 0
722 723 4 0 0
723 724 5 0 0
724 725 2 0 0
725 726 7 0
726 727 2 0
727 728 4 0
728 729 5 0
729 730 6 0
730 731 3 0
731 732 3 0
732 733 5 0
733 734 5 0
734 735 2 0
735 736 5 0
736 737 7 0
737 738 4 0
738 739 4 0
739 740 4 0
740 741 4 0
741 742 4 0
742 743 3 0
743 744 9 0
744 745 3 0
745 746 3 0
746 747 3 0
747 748 6 0
748 749 3 0
749 750 5 0
750 751 7 0
751 752 4 0
752 753 14 0
753 754 11 0
754 755 3 0
755 756 6 0
756 757 2 0
757 758 3 0
758 759 9 0
759 760 5 0
760 761 10 0
761 762 5 0
762 763 6 0
764 765 3 0
765 766 2 0
766 767 5 0
767 768 5 0
768 769 5 0
769 770 2 0
770 771 4 0
771 772 2 0
772 773 5 0
773 774 3 0
774 775 3 0
775 776 2 0
776 718 7 0
725 777 6 0
777 778 2 0
778 779 6 0
779 780 6 0
780 781 4 0
781 782 3 0
782 783 4 0
783 784 2 0
784 785 5 0
785 786 6 0
786 440 3 0
485 787 8 0
787 788 7 0
788 789 6 0
789 790 7 0
790 791 5 0
791 792 5 0
792 793 10 0
793 794 6 0
794 795 6 0
795 796 6 0
796 797 8 0
797 798 5 0
798 799 5 0
799 800 7 0
800 801 10 0
801 802 4 0
802 803 2 0
803 804 10 0
804 805 7 0
805 763 3 0
763 806 5 0
806 807 8 0
807 808 6 0
808 809 3 0
1 810 3 0
810 657 4 0
657 811 11 0
811 812 4 0
812 813 3 0
813 814 4 0
814 815 7 0
662 816 6 0
816 817 5 0
817 818 3 0
818 819 3 0
819 820 3 0
820 821 3 0
821 822 6 0
822 823 4 0
823 824 5 0
824 825 2 0
825 826 5 0
826 827 7 0
827 828 2 0
828 829 3 0
829 830 3 0
830 831 3 0
831 832 3 0
703 833 4 0
833 834 2 0
834 835 4 0
835 836 3 0
836 837 4 0
837 838 5 0
838 839 4 0
839 840 6 0
840 841 4 0
841 842 3 0
842 843 11 0
843 844 4 0
844 845 4 0
845 846 2 0
846 847 2 0
847 848 5 0
848 849 3 0
849 850 4 0
850 851 2 0
851 852 3 0
852 853 4 0
853 854 5 0
854 855 4 0
855 856 2 0
856 857 7 0
857 858 3 0
858 859 3 0
859 860 4 0
860 430 3 0
861 862 2 0
862 863 1 0
863 864 3 0
864 865 3 0
865 866 1 0
866 867 2 0
867 868 3 0
868 869 7 0
869 870 6 0
870 871 2 0
871 872 5 0
872 873 2 0
873 712 3 0
713 874 2 0
874 875 4 0
875 876 3 0
876 877 5 0
877 878 3 0
878 879 6 0
879 880 4 0
880 881 4 0
881 882 4 0
882 883 5 0
883 884 3 0
884 885 2 0
885 886 3 0
886 887 3 0
887 888 2 0
888 889 3 0
889 890 3 0
890 891 4 0
891 892 4 0
892 893 4 0
893 894 4 0
894 895 2 0
895 896 2 0
896 897 6 0
897 898 8 0
898 856 2 0
771 899 10 0
899 900 2 0
900 901 3 0
901 902 5 0
902 903 5 0
903 904 6 0
904 905 6 0
905 906 8 0
906 907 7 0
907 908 9 0
908 909 3 0
909 910 6 0
910 911 3 0
911 912 7 0
912 913 5 0
913 914 9 0
914 915 10 0
915 916 2 0
916 917 4 0
917 918 2 0
918 919 4 0
919 920 2 0
743 921 5 0
921 922 3 0
922 923 4 0
923 924 12 0
924 925 6 0
925 926 4 0
926 927 3 0
927 928 3 0
928 929 6 0
929 930 3 0
930 931 2 0
931 932 6 0
932 933 3 0
933 934 1 0
934 935 7 0
935 936 10 0
936 937 6 0
937 938 6 0
938 939 4 0
939 940 6 0
940 941 12 0
792 942 8 0
942 943 6 0
943 944 5 0
944 945 4 0
945 946 2 0
946 947 3 0
947 948 3 0
948 949 3 0
949 950 3 0
950 951 5 0
951 952 5 0
952 953 4 0
953 954 5 0
954 955 6 0
955 956 9 0
956 957 2 0
957 958 5 0
958 959 3 0
959 929 6 0
763 762 6 0
762 960 5 0
960 961 5 0
961 962 5 0
962 963 1 0
963 964 9 0
964 965 5 0
965 966 6 0
966 967 3 0
967 967 2 0
967 968 5 0
764 969 9 0
969 970 2 0
970 971 4 0
971 972 3 0
972 973 3 0
348 346 0 0 0
347 974 1 0 0 0 0
974 349 2 0 0 0 0
350 975 2 0
975 351 0 0
361 976 4 0
976 977 7 0
977 978 3 0
978 979 2 0
979 980 5 0
980 981 5 0
981 982 7 0
982 983 8 0
983 984 8 0
984 985 4 0
985 986 5 0
986 987 10 0
987 988 12 0
988 989 10 0
989 990 12 0
990 991 8 0
991 992 7 0
992 993 7 0
993 994 7 0
994 995 8 0
995 996 12 0
996 997 8 0
997 998 6 0
998 999 3 0
999 1000 5 0
1000 1001 3 0
1001 1002 8 0
1002 1003 4 0
1003 1004 3 0
1004 1005 7 0
1005 1006 9 0
1006 1007 7 0
1007 1008 8 0
1008 1009 6 0
1009 1010 4 0
1010 1011 5 0
1011 1012 6 0
1012 1013 12 0
1013 1014 3 0
1014 1015 6 0
1015 1016 11 0
1016 1017 4 0
1017 1018 7 0
1018 1019 8 0
1019 1020 8 0
1020 1021 4 0
1021 1022 5 0
1022 1023 5 0
1023 1024 4 0
1024 1025 4 0
1025 1026 3 0
1026 1027 5 0
1027 1028 5 0
1028 1029 6 0
1029 1030 5 0
1030 1031 6 0
1031 1032 5 0
1032 1033 7 0
1033 1034 6 0
1034 1035 7 0
1035 1036 11 0
1036 1037 8 0 0
1037 1038 0 0
1038 1039 6 0
1039 1040 3 0
1040 1041 6 0
1041 1042 7 0
1042 1043 2 0
1043 1044 6 0
1002 1045 10 0
1045 1046 3 0
1046 1047 5 0
1047 1048 6 0
1048 1049 7 0
1049 1050 4 0
1050 1051 4 0
1051 1052 6 0
1052 1053 3 0
1053 1054 3 0
1054 1055 2 0
1055 1056 5 0
1056 1057 4 0
1057 1058 5 0
1058 1059 1 0
1059 1060 7 0
1060 1061 5 0
1061 1062 4 0
1062 1063 4 0
1063 1064 7 0
1064 1065 5 0
1065 1066 4 0
1066 1067 5 0
1067 1068 4 0
1068 1069 5 0
1069 1070 3 0
1070 1071 3 0
1071 1072 4 0
1072 1073 4 0
1073 1074 2 0
1074 1075 4 0
1075 1076 3 0
1076 1077 3 0
1077 675 6 0
1038 1036 3 0 0
1036 1078 2 0
1078 1079 10 0
1079 1080 7 0
1080 1081 6 0
1081 1082 7 0
1082 1083 8 0
1083 1084 4 0
1084 1085 7 0
1085 1086 6 0
1086 1087 7 0
1087 1088 1 0
1088 1089 7 0
1089 1090 4 0
1090 1091 3 0
1091 1092 3 0
1092 1093 9 0
1093 1094 6 0
1094 1095 6 0
1095 1096 5 0
1096 1097 5 0
1097 1098 1 0
1098 1099 4 0
1099 1100 3 0
1100 1101 4 0
1101 1102 5 0
1102 1103 8 0
1103 1104 6 0
1104 1105 7 0
1105 1106 6 0
1106 1107 7 0
1107 1108 7 0
1108 1109 4 0
1109 1110 8 0
1110 764 5 0
987 1111 7 0
1111 1112 5 0
1112 1113 5 0
1113 1114 5 0
1114 1115 2 0
1115 1116 3 0
1116 1117 3 0
1117 1118 3 0
1118 1119 2 0
1119 1120 5 0
1120 1121 3 0
1121 1122 7 0
1122 1123 5 0
1123 1124 4 0
1124 1125 3 0
1125 1126 5 0
1126 1127 2 0
1127 1128 3 0
1128 1129 1 0
997 1130 13 0
1130 1131 5 0
1012 1132 8 0
1132 1133 5 0
1133 1134 3 0
1134 1135 4 0
1135 1136 4 0
1136 1137 6 0
1137 1138 6 0
1138 1139 5 0
1139 1140 4 0
1140 1141 4 0
1141 1142 6 0
1142 1143 5 0
1143 1144 7 0
1144 1145 3 0
1145 1146 3 0
1146 1147 3 0
1147 1148 5 0
1148 1149 5 0
1030 1150 6 0
1150 1151 4 0
1151 1152 4 0
1152 1153 3 0
1153 1154 9 0
1034 1155 8 0
1155 1156 11 0
1156 1157 10 0
1157 1158 15 0
1157 1159 7 0
1159 1160 5 0
1160 1161 10 0
1037 1162 4 0
1162 1163 5 0
1163 1164 4 0
1164 1165 4 0
1165 1166 4 0
1088 1167 4 0
1167 1168 2 0
1168 1169 4 0
1169 1170 3 0
1170 1171 2 0
1171 1172 5 0
1042 1173 8 0
1173 1174 6 0
1174 1175 6 0
1175 1176 6 0
1176 1177 2 0
1177 1178 3 0
1178 1179 3 0
1179 1180 5 0
1101 1181 2 0
1181 1182 4 0
1182 1183 4 0
1183 1184 7 0
1184 1185 5 0
1026 1186 5 0
1186 1187 9 0
1187 1188 4 0
1188 1189 6 0
1189 1190 2 0
1190 1191 5 0
1192 1193 7 0
1193 1194 5 0
1194 1195 4 0
1195 1196 2 0
1196 1197 7 0
1197 1198 6 0
1198 1199 8 0
1199 1200 7 0
1200 1201 6 0
1201 1202 6 0
1202 1203 7 0
1203 1204 7 0
1204 1205 8 0
1205 1206 6 0
1206 1207 6 0
1207 1208 1 0
1208 1209 6 0
1209 1210 4 0
1210 1211 5 0
1211 1212 8 0
1212 1213 4 0
1213 1214 7 0
1214 1215 7 0
1215 1216 8 0
1216 1217 7 0 0
1217 1218 9 0
1218 1219 5 0
1219 1220 7 0
1220 1221 8 0
1221 1222 7 0
1222 1223 4 0
1223 1224 5 0
1224 1225 10 0
1225 1226 4 0
1226 1227 3 0
1227 1228 7 0
1228 1229 3 0
1229 1230 5 0
1230 1231 6 0
1231 1232 6 0
1232 1233 5 0
1233 1234 5 0
1234 1235 5 0
1235 1236 7 0
1236 1237 2 0
1237 1236 2 0
1236 1238 3 0
1238 1239 2 0
1239 1240 5 0
1240 1241 3 0
1241 1242 6 0
1242 1243 2 0
1217 1244 7 0
1244 1245 8 0
1245 1246 8 0
1246 1247 2 0
1247 1248 7 0
1248 1249 6 0
1249 1250 20 0
1250 1251 5 0
1221 1252 8 0
1252 1253 4 0
1253 1254 3 0
1254 1255 5 0
1255 1256 13 0
1018 1257 9 0
1257 1258 8 0
1258 1259 4 0
1259 1260 5 0
1260 1261 7 0
1261 1262 7 0
1262 1263 5 0
1263 1264 6 0
1264 1265 5 0
1265 1266 5 0
1266 1228 10 0
1237 1267 14 0 0 0
1267 1268 9 0 0
1268 1269 5 0
1269 1270 6 0
1270 1271 11 0
1271 1272 6 0
1272 1273 3 0
1273 1274 7 0
1274 1026 15 0
1268 1275 6 0
1275 1276 5 0
1276 1277 10 0
1277 1278 2 0
1278 1279 4 0
1279 1280 4 0
1280 1281 4 0
1281 1282 3 0
1282 1283 3 0
1267 1284 9 0
1284 1285 7 0
1285 1286 5 0
1286 1287 11 0
1287 1288 5 0
1288 1289 4 0
1289 1290 5 0
1290 1291 3 0
1291 1292 4 0
1292 1293 7 0
1293 1294 8 0
1294 1295 5 0
1295 1296 9 0
1296 1297 5 0
1297 1298 6 0
1298 1299 5 0
1299 1300 8 0
1300 1301 5 0
1301 1302 7 0
1302 1303 4 0
1303 1304 7 0
1304 1161 11 0
346 349 4 0
351 1305 5 0
1305 1306 4 0
1306 1307 5 0
1307 1308 6 0
1308 1309 5 0
1309 1310 6 0
1310 1311 7 0
1311 1312 6 0
1312 1313 6 0
1313 1314 6 0
1314 1315 3 0 0
1315 1316 4 0 0
1316 1317 5 0
1317 1318 8 0
1318 1319 8 0
1319 1320 7 0
1320 1321 6 0
1321 1322 7 0
1322 1323 6 0
1323 1324 7 0
1324 1325 7 0
1325 1192 6 0
1192 1326 4 0
1326 1327 7 0
1327 1328 7 0
1328 1329 3 0
1329 1330 8 0
1330 1331 9 0
1331 1332 12 0
1332 1333 10 0
1333 1334 7 0
1334 1335 5 0
1335 1336 4 0
1336 1337 3 0
1337 1338 6 0 0
1338 1339 6 0 0
361 1340 4 0
1340 1341 4 0
1341 1342 2 0
1342 1343 4 0
1343 1344 2 0
1344 1345 5 0
1345 1346 4 0
1346 1347 2 0
1347 1348 5 0
1348 1349 5 0
1349 1350 6 0
1350 1314 5 0
1316 1351 6 0
1351 1352 5 0
1352 1353 5 0
1353 1354 4 0
1354 1355 3 0
1355 1356 2 0
1356 1357 4 0
1357 1358 2 0
1358 1359 6 0
1359 1360 8 0
1360 1361 4 0
1361 1362 4 0
1362 1363 9 0
1363 1364 4 0
1364 1365 9 0
1365 1366 9 0
1366 1367 7 0
987 1368 5 0
1368 1369 5 0
1369 1370 2 0
1370 1371 4 0
1371 1372 4 0
1372 1373 4 0
1373 1374 6 0
1374 1375 4 0
1375 1376 2 0
1376 1192 4 0
1192 1377 16 0
1377 1378 4 0
1378 1379 6 0
1379 1380 11 0
1380 1381 9 0
1381 1367 12 0
1367 1382 6 0
1382 1383 8 0
1383 1384 17 0
1339 1385 6 0
1385 1386 8 0
1386 1387 5 0
1387 1388 5 0
1388 1389 6 0
1389 1390 4 0
1390 1391 5 0
1391 1392 4 0
1392 1393 3 0
1393 1394 7 0
1394 1395 3 0
1395 1396 7 0
1396 1397 8 0
1397 1398 7 0
1398 1399 7 0
1399 1400 5 0
1400 1401 8 0
1401 1402 4 0
1402 1216 7 0
997 1403 2 0
1403 1404 5 0
1404 1405 5 0
1405 1207 7 0
1207 1406 6 0
1406 1407 3 0
1407 1408 5 0
1408 1409 4 0
1409 1410 3 0
1410 1411 3 0
1411 1412 3 0
1412 1413 5 0
1413 1414 4 0
1414 1415 6 0
1415 1416 3 0
1416 1417 7 0
1417 1418 4 0
1418 1419 3 0
1419 1420 4 0
1420 1421 4 0
1421 1422 3 0
1422 1337 3 0
346 348 7 0
348 1423 3 0
1423 1424 6 0 0
1424 1425 6 0
1425 1426 6 0
1426 1427 2 0
1427 1428 2 0
1428 1429 10 0
1429 1430 5 0
1430 1431 6 0
1431 1432 8 0
1432 1433 9 0
1433 1434 5 0
1434 1435 3 0
1435 1436 7 0
1436 1437 8 0
1437 1438 3 0
1438 1439 6 0
1439 1440 7 0
1440 1441 9 0
1441 1442 3 0
1442 1443 3 0
1443 1444 4 0
1444 1445 4 0
1445 1446 4 0
1446 1384 10 0
1384 1447 4 0
1447 1448 4 0
1448 1449 8 0
1449 1450 4 0
1450 1451 8 0
1451 1452 6 0
1452 1453 10 0
1453 1454 6 0
1454 1455 2 0
1455 1456 5 0
1456 1457 5 0
1457 1458 3 0
1458 1459 4 0
1459 1460 6 0
1460 1461 4 0
1461 1462 5 0
1462 1463 4 0
1463 1464 5 0
1464 1465 3 0
1465 1466 3 0
1466 1467 6 0
1467 1468 1 0
1468 1469 4 0
1469 1470 7 0
1470 1471 5 0
1424 1472 0 0
1472 1473 10 0
1473 1474 3 0
1474 1473 3 0
1473 1475 5 0
1475 1476 4 0
1476 1477 3 0
1477 1478 3 0
1478 1479 3 0
1479 1480 4 0
1480 1481 3 0
1481 1482 6 0
1482 1483 4 0
1483 1484 4 0
1484 1485 3 0
1485 1486 5 0
1486 1487 10 0
1363 1488 4 0
1488 1489 6 0
1489 1440 7 0
1440 1490 12 0
1490 1491 7 0
1491 1492 6 0
1492 1493 2 0
1453 1494 2 0
1494 1495 2 0
1495 1496 8 0
1496 1497 10 0
1497 1498 6 0
1498 1499 6 0
1499 1500 6 0
1500 1501 8 0
1501 1502 10 0
1453 1503 14 0
1503 1504 5 0
1504 1505 15 0
1505 1506 6 0
1506 1507 14 0
1507 1508 9 0
1508 1509 9 0
1509 1510 10 0
1510 1511 6 0
1511 1512 9 0
1512 1513 8 0
1513 1514 9 0
1514 1515 9 0
1515 1516 7 0
1516 1517 9 0
1517 1518 5 0
349 1519 2 0
1519 1520 3 0
1520 1521 10 0
1521 1522 7 0
1522 1523 5 0
1523 1524 5 0
1524 1525 5 0
1525 1526 5 0
1526 1527 5 0
1527 1528 8 0
1528 1529 8 0
1529 1530 6 0
1530 1531 7 0
1531 1532 5 0
1532 1533 8 0
1533 1534 7 0
1534 1535 8 0
1535 1536 9 0
1536 1537 9 0
1537 1538 8 0
1538 1539 3 0
1539 1540 7 0
1540 1541 4 0
1541 1542 7 0
1542 1543 7 0
1543 1544 6 0
1544 1545 6 0
1545 1546 3 0
1546 1547 3 0
1547 1548 6 0
1548 1549 10 0
1549 1550 2 0
1550 1551 2 0
1551 1552 4 0
1552 1553 3 0
1553 1554 2 0 0
1554 1555 4 0
1555 1556 2 0
1556 1557 5 0
1557 1558 1 0
1558 1559 4 0
1559 1560 4 0
1560 1561 5 0
1561 1562 4 0
1562 1563 3 0
1563 146 4 0
146 1564 7 0
1564 1565 6 0
1565 1566 6 0
1566 1567 5 0
1567 1568 2 0
1568 1569 6 0
1569 1570 7 0
1570 1571 5 0
1571 1572 5 0
1572 1573 6 0
1573 1574 4 0
1574 1575 4 0
1575 1576 3 0
1576 1577 4 0
1577 1578 4 0
1578 1579 4 0
1579 1580 2 0
1580 1581 6 0
1581 1582 3 0
1582 1583 5 0
1583 1584 2 0
1584 1585 4 0
1585 1586 2 0
1586 1587 5 0
1587 1588 5 0
1588 1589 7 0
1589 1590 2 0
1590 1591 2 0
1591 1592 7 0
1592 1593 7 0
1593 1594 5 0
1594 1595 3 0
1595 1596 3 0
1596 1597 3 0
1597 1598 6 0
1598 1599 5 0
1599 1600 7 0
1600 1601 6 0
1601 1602 6 0
1602 1603 4 0
1603 1604 3 0
1604 1605 2 0
1605 1606 4 0
1606 1607 3 0
1607 1608 8 0
1608 1609 4 0
1609 1610 3 0
1610 1611 5 0
1611 1612 6 0
1612 262 6 0
262 1613 8 0
1613 1614 6 0
1614 1615 4 0
1615 1616 7 0
1616 1617 4 0
1617 1618 7 0
1618 1619 2 0
1619 1620 8 0
1620 1621 10 0
1621 276 3 0
349 975 1 0 0
975 350 0 0 0
352 1622 3 0
1622 1623 3 0
1623 1624 8 0
1624 1625 7 0
1625 1626 6 0
1626 1627 5 0
1627 1628 3 0
1628 1629 4 0
1629 1630 5 0
1630 1631 5 0
1631 1632 6 0
1632 1633 2 0
1633 1634 4 0
1634 1635 8 0
1635 1636 8 0
1636 1637 6 0
1637 1638 6 0
1638 1639 2 0
1639 1640 7 0
1640 1641 1 0
1641 1642 1 0
1642 1643 3 0
1643 1644 6 0
1644 1645 4 0
1645 1646 3 0
1646 1647 5 0
1647 1648 8 0
1648 1649 8 0
1649 1650 4 0
1650 1651 6 0
1651 1652 6 0
1652 1653 6 0
1653 1654 7 0
1654 1655 6 0
1655 1656 8 0
1656 1657 5 0
1657 1658 5 0
1658 1659 3 0
1659 106 4 0
106 1660 8 0
1660 1661 3 0
1661 1662 2 0
1662 1663 4 0
1663 1664 5 0
1664 1665 5 0
1665 1666 2 0
1666 1667 7 0
1667 1668 4 0
1668 1553 2 0
1669 1670 1 0
1670 1671 5 0
1671 1672 4 0
1672 1673 7 0
1673 1674 5 0
1674 1675 5 0
1675 1676 5 0
1676 1677 8 0
1677 1678 4 0
1678 1679 4 0
1679 1680 4 0
1680 1681 4 0
1681 1682 3 0 0
1527 1683 8 0
1683 1684 8 0
1684 1685 8 0
1685 1686 6 0
1686 1687 3 0
1687 1688 10 0
1688 1689 8 0
1689 1690 5 0
1690 1691 3 0
1691 1692 1 0
1692 1681 3 0
1629 1693 2 0
1693 1694 2 0
1694 1695 6 0
1695 1696 3 0
1696 1697 2 0
1697 1698 4 0
1698 1699 5 0
1699 502 8 0
502 501 2 0
501 500 1 0
500 1700 3 0
1700 1701 1 0
1701 1702 3 0
1702 1703 1 0
1703 1704 2 0
1704 1705 3 0
1705 1706 2 0
1706 1707 3 0
1707 1708 3 0
1708 1709 3 0
1709 1710 3 0
1710 1711 5 0
1639 1712 5 0
1712 1713 3 0
1713 1714 5 0
1714 1715 4 0
1715 1716 4 0
1716 1717 5 0
1717 1718 3 0
1718 1719 4 0
1719 1720 3 0
1720 1721 6 0
1721 1722 6 0
1722 1723 2 0
1723 1724 5 0
1724 1725 2 0
1641 1726 4 0
1726 1727 2 0
1727 1728 2 0
1728 1729 6 0
1729 1730 4 0
1730 1731 11 0
1731 1732 9 0
1534 1733 9 0
1733 1734 5 0
1734 1735 2 0
1735 1736 2 0
1736 1737 4 0
1737 1738 6 0
1738 1739 4 0
1739 1740 4 0
1740 1741 9 0
1741 1647 19 0
1647 1646 4 0
1646 1645 3 0
1645 1644 5 0
1644 1643 5 0
1643 1642 3 0
1642 1641 1 0
1534 1742 3 0 0
1742 1743 4 0
1743 1744 1 0
1744 1745 8 0
1745 1746 9 0
1746 1747 15 0
1747 1748 7 0
1748 1749 3 0
1742 1750 10 0
1750 1751 4 0
1751 1752 7 0
1752 1753 8 0
1753 1754 2 0
1754 1755 2 0
1755 1756 10 0
1756 1757 2 0
1757 1758 4 0
1758 1759 4 0
1759 1760 4 0
1760 1761 8 0
1761 1762 10 0
1542 1763 8 0
1763 1764 6 0
1764 1765 4 0
1765 1766 3 0
1766 1767 5 0
1767 106 6 0
1542 1768 1 0
1768 1769 2 0
1769 1770 4 0
1770 1771 7 0
1771 1772 3 0
1772 1773 4 0
1773 1774 6 0
1774 1775 3 0
1775 1776 12 0
1554 1777 4 0
1777 1778 9 0
1778 1779 14 0
1779 1780 4 0
1780 1781 6 0
1781 1782 1 0
1782 1783 4 0
1783 1784 4 0
1784 1785 3 0
1785 1786 7 0
1786 1787 5 0
1787 1788 2 0
1788 1789 7 0
1789 1790 6 0
1790 1791 7 0
1791 1792 6 0
1792 1793 7 0
1793 1794 6 0
1794 1795 6 0
1567 1796 3 0
1796 1797 3 0
1797 1798 3 0
1798 1799 4 0
1799 1800 3 0
1800 1801 4 0
1801 1802 2 0
1802 1803 6 0
1803 1804 3 0
1605 1805 5 0
1805 1806 5 0
1806 1807 6 0
1807 1808 5 0
1808 1809 8 0
1809 1810 5 0
1810 1811 5 0
1811 1812 2 0
1812 1813 2 0
262 1814 9 0
1814 1815 6 0
1815 1816 5 0
1816 1817 8 0
1817 1818 10 0
1818 1819 7 0
1819 1820 7 0
1820 1821 5 0
1821 1822 3 0
1822 1823 9 0
1823 1824 5 0
1824 1825 5 0
1825 1826 5 0
1605 1827 2 0
1827 1828 1 0
1828 1829 6 0
1829 1830 2 0
1830 1831 5 0
1831 1832 2 0
1832 1833 2 0
1833 1834 4 0
1834 1835 5 0
1835 1836 4 0
1836 1837 4 0
276 1838 6 0 0
1838 1839 2 0
1839 1840 2 0
1840 1841 4 0
1841 1842 5 0
1842 1843 5 0
1843 1844 6 0
1844 1845 4 0
1845 1817 2 0
276 1846 9 0
1846 1847 7 0
1847 1848 8 0
1848 1849 9 0
1849 1850 6 0
1851 1852 3 0
1852 1853 5 0
1853 1854 2 0
1855 1856 5 0
1856 1857 7 0
1857 1858 6 0
1858 1859 5 0
1859 1860 2 0
1860 1861 4 0
1861 1851 4 0
1838 1862 2 0
1862 1863 5 0
1863 1864 6 0
1864 1851 5 0
1851 1865 9 0
1865 1866 9 0
1866 1867 5 0
1867 1868 9 0
1865 1869 10 0
1869 1822 8 0
1822 1870 7 0
1870 1871 6 0
1871 1872 3 0
1872 1873 8 0
1873 1874 1 0
1874 1875 4 0
1875 1876 2 0
1876 1877 4 0
1877 1878 3 0
1878 1879 4 0
1879 1811 2 0
1872 1880 7 0
1880 1881 3 0
1881 1882 4 0
1882 1883 8 0
1883 1884 5 0
1884 1885 6 0
1885 1886 10 0
1886 1887 3 0
1887 1888 4 0
1888 1889 4 0
1889 1890 5 0
1890 1891 9 0
1891 1892 1 0
1892 1893 6 0
1893 1894 5 0
1894 1895 2 0
1895 1896 4 0
1890 1897 6 0
1897 1898 6 0
1898 1899 4 0
1899 1900 2 0
1900 1901 7 0
1901 1902 8 0
276 1903 5 0
1903 1904 4 0
1904 1905 2 0
1905 1906 6 0
1906 1907 8 0
1907 1908 6 0
1908 1909 2 0
1909 1910 5 0
1910 1911 11 0
1848 1912 7 0
1912 1913 6 0
1913 1914 6 0
1914 1915 4 0
1915 1916 3 0
1916 1917 5 0
1850 1918 9 0
1918 1919 5 0
1919 1920 5 0
1920 317 8 0
