1 2 5
2 3 2
3 4 16
4 5 5
5 6 2
6 7 14
7 8 3
8 9 7
9 10 7
10 11 7
11 12 14
12 13 8
13 14 11
14 15 2
15 16 8
16 17 4
17 18 7
18 19 6
19 20 1
20 21 1
21 22 11
22 23 5
23 24 7
24 25 11
25 26 23
26 27 14
27 28 16
29 30 3
30 31 3
31 32 1
32 33 2
33 34 2
34 35 1
35 36 2
36 37 2
37 1 2
1 38 1
38 39 1
39 40 1
40 41 1
41 42 1
42 3 1
3 43 1
43 44 2
44 45 1
45 46 1
46 47 0
47 48 2
48 49 1
49 50 2
50 51 1
51 52 2
52 53 1
53 54 1
54 55 2
1 56 3
56 57 2
57 2 1
43 58 30
58 59 2
59 60 2
60 61 3
61 62 2
62 63 2
63 4 2
64 65 1
65 66 1
66 67 2
67 68 1
68 56 1
4 69 3
69 70 2
70 5 2
71 72 1
72 73 2
73 74 3
74 64 2
68 1 2
3 75 1
75 76 3
76 77 3
77 78 5
78 79 1
79 80 1
80 81 6
81 82 2
82 83 2
83 84 3
84 85 6
85 86 4
86 87 5
87 88 4
88 89 3
89 90 5
1 71 15
71 91 3
91 92 4
92 93 8
93 94 12
94 95 4
95 96 7
96 97 6
97 98 5
3 45 4
45 99 2
99 100 3
100 101 3
101 102 9
102 103 8
103 104 5
104 105 6
105 106 8
106 107 15
107 108 10
108 109 8
109 110 2
110 111 1
3 78 12
78 112 4
112 113 3
113 114 4
114 115 3
115 116 4
116 117 7
117 118 7
118 119 5
119 120 13
120 121 10
121 122 13
122 123 10
123 124 13
124 125 11
125 126 18
126 127 19
127 128 5
128 129 6
129 130 11
119 131 5
131 132 7
132 133 5
133 134 6
134 135 4
135 136 6
136 137 4
137 138 10
138 139 6
122 140 9
140 141 5
141 142 8
142 143 12
143 144 6
144 145 4
145 146 3
146 147 3
147 148 6
148 149 5
149 150 5
150 151 3
151 152 8
152 153 4
153 154 14
154 155 4
156 157 17
157 158 12
158 159 27
159 160 18
160 161 18
161 162 12
162 163 10
163 122 12
78 164 8
164 165 6
165 166 6
166 167 5
167 168 6
168 169 14
169 170 6
170 171 10
171 172 9
172 173 8
173 174 8
174 175 6
175 156 11
176 177 14
177 178 12
178 179 4
179 180 8
180 181 6
181 182 6
182 183 4
183 90 8
85 184 75
184 185 3
166 186 2
186 187 4
187 188 2
188 189 3
189 190 7
190 191 9
191 192 4
192 193 7
193 194 3
194 160 4
160 195 11
195 196 7
196 197 8
197 198 11
198 199 4
199 200 3
200 201 4
201 202 9
202 203 5
203 204 4
204 129 7
171 205 27
205 206 7
206 207 8
207 208 16
208 209 21
209 210 16
210 211 16
176 212 12
212 213 11
213 214 6
214 215 11
215 185 3
184 216 5
216 217 7
217 218 5
218 219 7
219 220 7
220 221 7
221 222 5
222 223 4
223 224 4
224 225 5
225 156 3
226 227 1
227 228 2
228 229 1
229 223 1
156 230 5
230 231 4
231 157 6
157 232 4
232 233 3
233 158 6
158 205 7
98 234 10
234 235 17
235 236 10
236 237 10
237 238 13
238 239 17
239 240 6
240 241 11
241 242 19
242 243 7
243 244 14
244 245 13
245 246 18
246 247 4
247 248 4
249 250 15
250 251 25
251 252 11
252 253 13
253 254 11
254 255 12
255 256 9
256 257 5
249 258 3
258 259 4
259 260 7
260 261 9
261 262 6
262 263 2
263 264 5
264 265 4
265 266 4
266 267 5
267 268 8
268 238 6
238 269 8
269 270 4
270 271 2
271 272 2
272 273 2
273 274 6
241 254 26
251 275 23
275 276 17
241 277 12
277 278 3
278 279 6
279 280 5
280 281 3
281 282 3
282 283 2
283 284 3
284 285 4
285 286 3
107 287 6
287 288 10
288 289 3
289 290 4
290 291 3
291 292 4
292 293 17
293 294 7
294 295 18
295 296 18
249 297 16
297 298 3
298 299 4
299 300 3
300 301 4
301 302 17
302 303 7
303 105 18
119 304 12
304 305 4
305 9 3
9 306 4
306 307 3
307 308 4
308 107 17
287 309 10
309 310 3
310 311 4
311 312 3
312 313 4
313 314 17
314 315 7
315 316 18
316 276 8
276 317 3
317 318 13
318 319 3
319 320 4
320 321 3
321 322 4
322 323 17
323 324 7
324 257 18
325 326 5
326 327 11
327 328 3
328 329 4
329 330 3
330 331 4
331 332 17
332 21 7
14 333 12
333 334 3
334 335 4
335 336 3
336 337 4
337 338 17
338 339 7
340 341 8
341 342 8
342 343 3
344 345 6
345 346 5
346 347 6
347 348 7
348 349 3
349 350 3
350 351 0
107 352 6
352 353 4
353 354 4
354 355 8
355 356 10
356 357 7
357 358 8
358 359 6
359 23 9
26 360 14
360 361 3
361 362 12
362 363 8
363 364 6
364 365 14
365 366 11
366 367 15
367 368 4
368 369 14
369 370 7
370 371 10
371 372 5
372 373 12
373 374 9
374 344 10
344 375 2
375 376 6
376 377 9
377 378 10
28 379 2
379 380 1
380 381 1
381 382 1
382 383 1
383 384 1
384 385 1
385 386 4
386 387 1
360 388 6
388 389 5
389 27 7
27 390 5
390 391 3
391 392 3
392 28 5
28 393 1
393 394 2
394 395 2
395 396 2
396 397 2
393 398 5
398 399 3
399 400 4
400 401 8
401 402 1
402 403 1
404 405 5
405 406 3
406 407 3
407 408 2
408 409 4
409 410 5
410 411 5
411 412 4
412 413 6
413 414 4
28 415 9
415 416 6
416 417 5
417 418 3
418 419 3
419 420 6
420 421 2
421 361 8
28 400 15
400 422 5
422 423 9
423 424 4
424 425 6
425 426 9
426 427 6
427 428 9
428 429 1
429 430 8
430 431 4
431 432 3
432 433 6
433 434 6
434 435 6
435 436 5
436 437 10
437 438 7
438 439 3
439 440 2
427 441 6
441 428 3
430 442 9
442 443 5
443 444 7
444 445 10
445 446 4
446 447 8
447 448 6
436 449 10
449 450 1
450 451 1
452 453 3
453 454 1
454 455 1
455 456 2
456 457 2
457 458 44
458 459 1
459 460 2
454 461 2
461 462 2
462 463 1
463 464 2
464 465 1
465 466 2
466 467 1
467 468 1
468 469 1
469 470 1
470 471 1
471 472 2
472 473 2
473 474 1
474 475 1
475 458 1
458 476 1
476 477 1
477 478 2
478 479 1
479 480 1
480 481 1
481 482 1
482 483 2
483 484 3
484 485 1
485 486 2
487 488 3
488 489 3
489 490 1
490 491 1
491 492 2
492 493 3
493 494 1
494 495 2
495 472 2
480 496 2
496 497 2
497 498 2
498 499 3
499 500 3
500 501 2
501 502 2
502 503 2
503 504 2
505 506 1
506 507 1
507 508 2
508 509 1
509 510 1
510 494 1
482 511 2
511 512 1
512 513 1
513 514 2
514 515 4
515 516 2
516 517 2
518 519 2
519 520 3
520 521 5
521 522 2
522 523 2
523 524 2
524 525 2
525 526 3
526 527 2
527 528 1
528 529 1
529 460 1
460 530 1
530 459 1
459 531 1
531 458 1
457 532 2
532 533 1
533 456 1
456 534 1
534 455 1
455 535 1
535 536 1
536 537 1
537 538 1
538 539 1
539 540 3
540 541 1
495 471 8
471 542 17
542 543 1
543 544 2
544 545 1
545 546 1
546 535 1
535 547 1
547 548 1
548 549 2
549 550 2
550 551 1
551 552 1
552 479 1
479 553 2
553 554 1
554 555 1
555 556 2
556 557 1
557 511 1
512 558 1
558 559 2
559 560 1
560 561 1
561 562 3
562 495 20
558 528 1
528 563 1
563 557 1
564 565 2
565 566 3
566 567 3
567 568 3
568 569 2
569 570 4
570 571 2
571 572 2
572 573 3
573 574 2
574 575 3
575 576 3
576 577 2
577 578 1
578 528 1
535 579 2
579 461 8
454 580 5
580 581 3
581 582 2
583 584 2
584 585 1
585 586 1
586 587 1
587 588 1
588 576 2
589 590 1
590 591 2
591 588 4
592 593 3
593 594 5
594 595 3
595 596 2
596 597 1
597 598 2
598 599 2
599 558 2
553 480 1
498 511 8
511 600 4
600 601 1
602 603 2
603 604 2
604 595 3
605 606 6
607 608 3
608 609 3
609 610 3
610 611 3
611 612 6
612 613 7
613 614 11
614 615 15
615 616 15
616 617 3
617 618 11
618 619 10
619 620 4
620 605 11
605 621 4
622 623 8
623 624 5
624 625 13
625 626 9
626 627 10
627 628 9
628 629 22
629 630 4
630 631 4
631 632 5
632 541 4
541 456 13
460 633 33
633 634 32
634 635 14
635 636 11
636 637 8
637 638 4
638 639 8
639 640 4
640 641 6
642 643 2
643 644 12
644 645 9
448 646 7
646 647 9
647 648 13
648 649 13
649 346 7
346 344 10
344 650 11
650 651 14
651 652 11
652 653 5
653 654 8
654 645 13
645 655 16
655 656 5
656 657 5
657 504 22
504 479 21
479 457 5
457 474 3
474 495 5
495 508 5
508 487 26
487 658 1
658 659 4
659 660 3
660 661 3
661 662 6
662 663 3
663 664 9
664 665 4
665 666 7
666 667 6
667 668 8
668 669 9
669 670 18
670 671 6
671 672 7
672 673 7
404 674 6
674 675 3
675 676 2
676 23 5
17 677 5
677 678 7
678 679 5
679 335 13
335 680 7
680 681 20
681 682 17
682 683 14
683 684 11
684 685 10
685 686 16
686 687 14
687 688 13
688 689 13
689 690 14
690 541 8
541 549 6
549 457 6
508 691 5
691 692 4
692 693 4
693 694 2
694 695 25
695 696 13
430 697 8
697 698 3
698 699 3
699 700 9
700 701 7
701 702 17
702 703 6
703 704 4
704 705 4
705 706 13
706 369 15
369 707 8
707 708 8
708 709 4
709 340 15
696 710 6
710 711 10
711 712 8
712 713 13
713 714 12
28 360 34
360 715 51
715 340 36
340 716 20
716 717 12
717 718 9
718 719 12
719 720 17
720 479 27
508 694 15
694 721 6
721 722 4
722 723 12
723 695 3
696 724 6
724 725 6
725 726 4
726 727 4
727 728 4
728 729 2
729 730 6
682 731 4
731 732 7
732 733 15
733 734 9
734 735 11
735 736 4
736 737 5
737 738 6
738 739 6
739 740 10
740 741 6
741 742 10
742 743 1
743 744 11
744 745 10
745 746 6
746 747 4
747 748 2
748 749 3
749 750 3
750 517 6
517 690 22
751 752 5
752 753 11
753 754 3
754 755 9
755 756 7
756 757 12
757 758 7
758 759 5
759 760 6
760 761 6
761 762 5
762 763 4
763 764 3
764 452 4
460 525 7
525 602 11
602 487 9
765 766 2
766 767 2
767 768 2
768 769 1
769 770 2
770 771 2
771 772 2
772 773 2
773 774 10
774 775 16
775 776 11
776 777 5
777 778 56
778 779 4
779 780 5
780 673 4
673 781 2
782 773 12
774 776 9
777 783 11
783 784 10
784 785 12
785 786 13
786 787 2
787 788 10
788 789 7
789 641 13
689 790 9
790 791 4
791 690 2
690 792 2
792 793 1
793 541 4
541 455 8
577 590 7
590 720 29
720 794 2
794 795 5
795 796 6
796 719 3
719 797 7
797 798 6
798 799 4
799 800 5
800 801 5
801 802 6
802 803 1
602 633 25
633 804 3
804 805 3
805 806 10
806 807 6
807 808 4
808 634 5
634 809 5
809 810 5
810 635 5
636 811 15
811 812 10
812 813 7
813 787 7
786 814 13
814 815 6
815 816 2
816 817 7
720 818 8
818 819 2
819 517 6
517 621 38
621 606 4
606 820 1
820 582 2
580 582 4
621 821 6
821 822 6
822 629 5
621 823 18
823 824 10
824 602 19
820 825 3
825 826 3
826 827 1
827 828 5
828 762 6
577 583 10
583 829 1
829 830 1
830 831 3
831 832 5
832 833 5
577 567 23
567 834 3
834 835 3
835 836 9
836 837 5
837 838 3
838 839 5
839 840 5
840 841 3
841 842 8
842 843 3
843 844 3
763 845 9
845 846 4
846 847 5
847 848 11
848 849 2
849 850 11
850 696 8
851 852 6
852 853 3
854 855 2
855 856 7
856 857 5
857 858 6
858 859 4
859 860 3
860 861 4
861 862 2
862 863 6
863 864 5
864 865 8
865 866 4
866 867 4
867 868 4
868 869 6
869 870 4
870 871 1
871 872 5
872 633 3
633 597 20
641 873 5
873 811 19
811 874 8
874 875 14
875 670 10
670 876 7
876 877 8
877 878 4
878 714 4
641 879 3
879 880 11
880 881 8
618 882 4
882 883 3
883 884 7
884 885 2
885 886 5
886 887 3
887 888 1
888 889 5
889 626 4
656 890 14
890 891 6
891 892 2
892 893 3
590 504 17
504 894 6
894 895 5
895 896 2
896 657 10
657 897 10
897 898 3
898 899 6
899 900 4
900 901 7
901 902 9
902 903 9
903 841 9
841 904 4
904 905 11
905 854 14
906 907 7
907 908 4
908 909 5
909 910 5
910 645 19
854 911 9
911 912 1
912 913 3
913 914 4
914 915 6
915 916 6
916 917 6
917 918 6
918 919 7
919 920 9
920 921 7
921 922 3
922 923 4
923 924 5
924 925 18
925 926 13
926 879 2
927 928 6
928 929 2
929 930 2
930 931 4
931 932 2
932 933 9
933 934 2
934 935 6
935 936 6
936 937 13
937 938 6
938 714 13
714 670 23
875 811 22
811 641 24
752 939 2
939 940 9
940 941 6
941 942 4
942 943 4
943 944 2
944 945 2
945 730 2
730 946 7
946 947 6
947 948 10
948 949 9
949 950 13
950 714 9
933 951 8
951 952 6
952 953 2
953 954 6
954 955 6
955 956 3
956 957 4
957 958 2
958 959 5
959 960 7
961 962 7
962 963 8
963 964 8
964 965 8
965 966 3
966 967 16
967 968 5
968 969 3
969 970 5
970 971 6
971 972 16
972 973 8
973 974 10
974 975 10
975 976 4
976 977 5
977 641 5
785 814 10
782 978 3
978 979 4
979 980 4
980 981 1
981 982 2
982 983 2
983 984 1
984 985 1
985 986 7
986 987 2
979 988 4
988 989 6
989 990 5
990 991 2
991 992 2
992 993 3
993 994 6
994 995 6
785 996 10
996 997 9
997 781 7
781 998 10
998 714 14
714 999 7
999 938 6
933 930 15
930 927 10
967 1000 31
1000 1001 6
1001 1002 4
1002 1003 9
1003 1004 6
1004 1005 9
1005 1006 10
1006 817 4
765 1007 2
1007 782 2
990 1008 8
1008 1009 4
1009 1010 3
1010 1011 5
1011 1012 6
1012 1013 8
1013 1014 7
1014 1015 5
1015 1016 4
1016 1017 6
1017 1018 6
1018 1019 4
1019 1020 4
1020 1021 6
1021 966 4
765 1022 1
1022 1007 1
1010 1023 4
1023 1024 2
1024 1025 4
1025 1026 4
1026 1027 5
1027 1028 3
1028 1029 3
1029 1030 4
1030 1031 3
1031 1032 6
1032 1033 4
1033 1034 3
1034 1035 4
1035 1036 3
1036 1037 2
1037 1038 4
1038 961 6
1038 1039 4
1039 1040 4
1040 1041 8
1041 1042 4
1042 1034 4
1043 1044 2
1044 1045 2
961 1046 1
1046 1047 1
1047 1048 2
1048 1049 1
1049 1050 2
1050 1043 2
1043 1051 1
1051 1052 1
1052 1053 2
1054 1055 2
1055 1056 6
1056 773 4
773 1057 2
1057 1058 2
1058 1059 2
1059 1060 2
1060 1061 2
1061 1062 2
1062 782 2
765 1063 2
1063 1064 3
1064 1065 1
1065 1066 2
1066 1067 1
1067 1068 2
1068 1069 1
1069 1070 2
1070 1071 3
1071 1072 5
1072 1073 4
1073 1074 4
1074 1075 6
1075 1076 4
1076 1077 1
1077 1078 6
1078 1079 1
979 1080 3
1080 1081 1
1068 1082 3
1082 1083 2
1083 1084 1
1084 1085 2
1085 1086 3
1086 1087 3
1087 1088 2
1088 1089 3
1089 1090 3
1090 1091 4
1091 1092 2
1092 1093 2
1093 1094 2
1094 1095 5
1096 1097 5
1097 1098 2
1098 1099 3
1099 1100 3
1100 1101 3
1101 1102 6
1102 1103 4
1103 1104 2
1104 1071 1
1076 1105 2
1105 1106 2
1106 1107 2
1107 1108 3
1108 1109 2
1109 1110 4
1110 1111 2
1111 1112 6
1112 1096 4
927 1113 6
1113 1114 5
1114 1115 5
1115 1116 5
1116 1117 6
1117 1118 6
751 1119 4
1119 1120 7
1120 1121 4
1121 1122 4
1122 1123 2
1123 1124 2
1124 1118 3
1118 1125 7
1125 1126 4
1126 1127 4
1127 1128 6
1128 960 9
610 1129 4
1129 1130 4
1130 1131 5
1131 1132 6
1132 1133 2
1133 1134 4
1134 1135 8
1135 1136 4
1136 1137 7
1137 752 2
610 1138 4
1138 1139 4
1139 1140 2
1140 1141 2
1141 1142 4
1142 1143 6
1143 1144 5
605 456 33
622 1145 1
1145 1146 2
1146 1147 4
1147 1148 2
1148 1149 1
130 1150 16
1150 1151 9
1151 1152 7
1152 1153 4
1153 1154 6
1154 1155 8
1155 151 8
151 1156 6
1156 1157 6
1157 1158 5
155 1159 7
1159 1157 20
1158 1160 13
1160 1161 10
1161 1162 6
1162 1163 6
1163 1164 8
1164 1165 6
1165 1166 7
1166 1167 6
1167 1168 6
1168 622 7
608 1169 2
1169 1170 9
1170 1171 5
1171 1172 9
1172 1173 6
1173 1174 5
1174 1175 10
1175 1176 9
1176 622 5
622 1177 8
1177 1178 5
1178 1179 11
1179 1180 11
1180 1181 8
1181 1182 6
1182 682 24
1160 1183 6
1183 1184 4
1184 1185 6
1185 1186 6
1186 1187 13
1187 1188 7
1188 1189 3
1189 1190 4
1190 1191 4
1191 1169 6
1192 1172 1
1171 1193 4
1193 1170 3
607 1194 1
1194 1195 2
1195 1196 1
1196 1197 1
1197 1198 1
1198 1199 3
1199 1200 2
1200 1201 2
1201 1202 1
1150 1203 10
1203 1204 4
1204 1205 5
1205 1206 12
1206 155 14
1159 1207 4
1207 1208 9
1208 1209 8
1209 1210 8
1210 1211 9
1211 1212 4
1212 1213 5
1213 1214 4
1214 1215 5
1215 1216 3
1216 1217 4
1217 1218 5
1218 1219 6
1219 607 3
155 1220 12
1220 1221 10
1221 1222 8
1223 1224 17
1224 1225 7
1225 1226 3
1226 155 16
607 1195 3
1196 1227 4
1227 1228 2
1228 1229 2
1229 1230 3
1230 1231 6
1231 1232 10
1232 1233 7
1233 1234 4
1234 1235 3
1235 1236 3
1236 1237 5
1237 1238 5
1238 1239 7
1239 1240 5
1240 1241 6
1241 1242 6
1242 1243 2
1243 1244 2
1223 1245 2
1245 1246 8
1246 1247 8
1247 1248 7
1248 1249 9
1249 1250 19
1250 1251 4
1251 1252 7
1253 1254 1
1254 1255 2
1255 1256 2
1256 1257 1
1257 1258 9
1258 1259 5
1259 1260 14
1261 1262 1
1262 1263 1
1263 1264 1
1264 1265 1
1265 1266 1
1266 1267 1
1267 1268 1
1268 1269 2
1269 1270 1
1270 1271 1
1271 1272 1
1272 1273 1
1273 1274 1
1274 1275 3
1275 1276 3
1276 1277 1
1277 1278 9
1278 1279 3
1279 1280 9
1280 1258 4
1238 1281 3
1281 1282 1
1282 1283 6
1283 1284 5
1284 1285 4
1250 1252 11
1252 1286 8
1286 1287 12
1287 1288 4
1288 1289 5
1289 1290 3
1290 1253 1
1253 1291 10
1291 1238 14
1239 1292 7
1292 1293 4
1293 1294 4
1294 1295 3
1295 1296 7
1296 1297 6
1297 1298 3
1298 1299 3
1299 1300 6
1300 1301 11
1301 1302 6
1302 1303 6
1303 1304 5
1304 1305 4
1305 1306 4
1306 960 7
1307 1308 3
1309 1310 4
1241 1311 4
1311 1312 3
1312 1313 1
1313 1314 6
1314 1315 1
1315 1316 3
1316 1317 2
1317 1307 3
1307 1318 3
1296 1319 4
1319 1320 4
1320 1321 4
1321 1322 4
1322 1323 8
1323 1324 3
1324 1325 2
1325 1326 5
1326 1327 4
1327 1328 7
1328 1329 6
1329 1330 2
1330 1331 6
1331 1332 3
1332 751 4
1195 1200 14
1200 1202 3
1202 1333 3
1333 1334 3
1334 1335 6
1335 1336 1
1336 1337 4
1337 1321 3
1321 1299 15
1299 1338 8
1338 1339 9
1339 1340 22
1340 1341 4
1341 1342 6
1342 1343 3
1343 1344 3
1344 1345 3
1345 1346 6
1346 1347 6
1347 1348 5
1348 1349 3
1349 1350 5
1350 1351 8
1351 1352 6
1352 1353 5
1353 1354 10
1339 1355 2
1355 1356 4
1356 1357 2
1357 1358 1
1358 1359 1
1359 1360 2
1360 1361 4
1361 1362 2
1362 1363 2
1200 1364 3
1364 1365 2
1365 1366 7
1366 1367 7
1367 1368 7
1368 1328 9
1328 1369 6
1369 1370 5
1370 1371 6
1371 1372 7
1372 1373 7
1373 960 5
960 1374 18
1374 927 20
130 1375 3
1375 1376 5
1376 1377 4
1377 1378 6
1378 1379 5
1379 1380 4
1380 1381 6
1381 1382 6
1382 1383 11
1383 1384 9
1384 1385 10
1385 1386 8
1386 1387 11
1387 1388 10
1388 1389 10
1390 1391 5
1391 1392 4
1392 1393 4
1393 155 9
1220 1394 12
1394 1395 4
1395 1286 11
1250 1396 7
1396 1397 16
1397 1398 14
1398 1385 6
1385 1399 30
1399 1400 14
1401 1402 6
1402 1403 6
1403 1404 5
1404 1405 10
1405 1406 4
1406 1407 8
1407 1408 7
1408 1409 3
1409 1410 6
1410 1389 9
1405 1411 9
1411 1412 6
1412 1413 7
1413 1387 15
1387 1414 9
1414 1415 6
1415 1416 5
1416 1417 7
1417 1418 6
1418 1419 14
1419 1420 3
1420 1421 4
1421 1422 5
1422 1423 4
1423 1424 4
1424 1425 3
155 1426 27
1426 1249 4
1249 1397 21
1397 1427 6
1427 1428 6
1428 1429 7
1429 1430 2
1430 1431 9
1431 1417 1
211 1432 9
1432 1433 7
1433 1434 5
1434 1435 7
1435 1436 8
1436 1437 7
1437 1438 5
1438 1439 5
1439 1440 5
1440 1441 3
1441 1442 3
1442 130 3
1375 1443 5
1443 1444 1
1444 1445 1
1445 1446 4
1446 1447 4
1447 1448 2
1448 1449 3
1449 1450 4
1450 1451 2
1451 1452 3
1452 1453 3
1453 1454 1
1454 1455 3
1455 1436 4
208 1456 9
1456 1457 6
1457 1458 4
1458 1459 5
1459 1460 4
1460 1437 6
130 1461 4
1461 1462 1
1462 1463 4
1463 1464 3
1464 1150 4
1150 1465 6
1465 1466 8
1466 1467 5
1467 1223 6
204 1468 3
1468 1469 6
1469 1470 3
1470 129 6
129 1471 3
1471 1472 2
1472 1442 9
1379 1473 7
1473 1223 6
1474 1470 12
1443 1447 10
1447 1475 4
1475 1476 5
1476 1477 5
1477 1478 4
1478 1479 8
1479 1480 11
1480 1481 7
1481 1482 12
1482 1483 2
1483 1484 9
1484 1485 8
1485 1486 20
1486 1487 17
130 1462 5
1462 1488 14
1488 1489 6
1489 1490 4
1490 1491 4
1491 126 11
1492 1493 7
1493 1494 7
1494 1495 10
1495 1496 6
1496 1497 10
1497 211 5
1498 1499 5
1499 1495 5
1495 1500 6
1500 1501 6
1501 1502 17
1502 1503 12
1503 1480 12
1480 1504 12
1504 1505 4
1505 1506 4
1506 1381 9
1380 1473 3
1246 1507 3
1507 1508 2
1508 1509 1
1509 1510 3
1511 1512 4
1512 1513 9
1513 1514 8
1514 1515 12
1515 1516 5
1516 1517 5
1517 1518 4
1518 1519 21
1519 1520 1
1520 1521 10
1521 1522 6
1522 1523 5
1523 1524 7
1524 1498 9
205 207 15
156 1525 7
1525 1526 4
1526 1527 5
1527 1528 4
1528 1529 4
1529 1530 5
1530 1531 4
1531 1532 9
1532 1533 14
1533 1534 14
1534 1535 16
1535 1536 12
1536 1520 25
1520 1537 8
1537 1538 5
1538 1539 5
1539 1540 8
1540 1541 6
1541 1542 6
1542 1543 12
1544 1545 7
1545 1546 7
1546 1547 5
1547 1548 1
1548 1549 6
1549 1498 7
1499 1550 4
1550 1494 5
130 1437 22
1437 1459 10
1459 1457 9
156 1551 14
1551 1552 14
1552 1553 17
1553 1554 15
1554 1555 8
1555 1556 9
1556 1557 23
1557 1558 26
1558 1559 21
1559 1560 8
1560 1561 6
1561 1562 0
1552 1563 5
1563 1564 4
1564 1565 2
1565 1551 3
1551 1566 4
1566 1567 7
1567 156 3
1568 1569 5
1569 1570 5
1570 1571 8
1571 1572 11
1572 1573 6
1573 1552 9
1574 1575 7
1575 1576 15
1576 1577 18
1577 1553 12
1553 1578 11
1578 1579 7
1579 1580 5
1580 1581 6
1581 1582 12
1582 1583 16
1583 1584 6
1584 1585 26
1585 1586 4
1586 1587 3
1587 1588 6
1588 1519 10
1575 1589 4
1589 1590 7
1590 1591 5
1591 1592 7
1592 1593 5
1593 1594 6
1551 1595 6
1595 1596 10
1596 1597 8
1597 1598 8
1598 1599 4
1599 1600 6
1600 1601 6
1601 1602 6
1602 1603 7
1603 1604 3
1604 1605 5
1605 1606 9
1606 1607 4
1607 1608 6
1608 1586 4
1557 1609 17
1609 1610 6
1610 1611 9
1611 1612 13
1612 1613 8
1613 1614 10
1614 1615 12
1615 1616 9
1616 1617 14
1617 1513 9
1557 1618 16
1619 1620 4
1620 1621 7
1621 1622 10
1622 1623 9
1623 1624 11
1624 1625 9
1625 1626 5
1626 1627 8
1627 1492 4
1627 1628 2
1628 1629 1
1629 1630 3
1630 1631 1
1631 1632 3
1632 1633 3
1633 1634 1
1634 1635 2
1635 1636 4
1636 1637 3
1637 1638 3
1638 1520 24
1627 1639 3
1639 1640 3
1640 1641 3
1641 1642 4
1642 1643 6
1643 1644 5
1644 1645 7
1645 1646 6
1646 1647 2
1492 1648 2
1648 1649 3
1649 1650 4
1650 1651 2
1651 1652 4
1652 1653 2
1653 1654 5
1654 1655 5
1494 1656 8
1656 1657 1
1657 1658 5
1658 1654 5
1654 1659 9
1659 1660 9
1660 1661 4
1661 1662 4
1662 1486 12
1543 1663 11
1663 1664 6
1664 1665 9
1665 1666 9
1666 1667 7
1667 1668 3
1668 1624 5
1492 1651 11
1651 1654 11
1660 1486 20
1543 1669 4
1669 1670 6
1670 1671 7
1671 1672 3
1672 1673 7
1673 1674 2
1674 1675 4
1675 1676 5
1676 1677 7
1677 1678 11
1543 1679 20
1679 1680 9
1680 1681 6
1681 1682 7
1543 1683 9
1683 1684 7
1684 1685 4
1685 1686 5
1686 1687 8
1687 1688 9
1688 1689 3
1689 1690 3
1690 1691 2
1691 1692 5
1688 1693 8
1693 1694 3
1694 1695 1
1695 1696 6
1696 1697 12
1697 1698 11
1698 1682 6
1682 1699 7
1699 1700 5
1700 1701 8
1701 1702 11
1702 1678 4
1703 1704 1
1704 1705 4
1705 1706 8
1706 1707 17
1707 1708 10
1708 1709 7
1709 1710 17
1710 1711 10
1711 1712 9
1712 1713 5
1713 1714 4
1714 1715 7
1715 1692 18
1692 1716 6
1716 1717 4
1717 1718 2
1718 1719 4
1719 1720 7
1720 1619 8
1710 1721 8
1721 1722 9
1722 1723 7
1723 1724 5
1724 1725 4
1725 1726 7
1726 1727 5
1727 1692 9
1728 1729 6
1729 1730 4
1730 1731 1
1731 1732 4
1732 1733 6
1733 1734 10
1734 1735 3
1735 1736 4
1736 1737 4
1737 1738 5
1738 1739 6
1739 1740 4
1740 1721 4
1735 1741 5
1741 1742 4
1742 1743 4
1743 1744 7
1745 1746 6
1746 1747 7
1747 1748 4
1748 1749 5
1749 1750 2
1750 1751 5
1751 1752 3
1752 1753 2
1753 1754 4
1754 1755 4
1755 1756 6
1756 1712 6
1749 1757 5
1757 1758 4
1758 1759 6
1759 1760 6
1760 1682 12
1761 1762 9
1762 1763 6
1763 1764 4
1764 1765 5
1765 1766 3
1766 1767 2
1767 1768 2
1768 1769 2
1769 1770 5
1770 1771 1
1771 1772 2
1772 1710 4
1721 1723 18
1724 1773 4
1773 1774 6
1774 1775 6
1775 1776 9
1776 1777 5
1777 1697 8
1697 1778 7
1778 1779 5
1779 1780 4
1780 1781 3
1781 1543 10
1752 1782 2
1782 1783 5
1783 1784 5
1784 1724 6
1725 1785 7
1785 1786 3
1786 1787 3
1787 1788 1
1788 1789 2
1789 1790 3
1790 1791 2
1791 1792 2
1792 1692 4
1692 1793 5
1793 1794 3
1794 1795 3
1795 1796 5
1796 1797 8
1797 1798 4
1798 1799 4
1724 1800 4
1800 1801 4
1801 1802 1
1802 1715 2
1619 1803 14
1803 1804 6
1804 1805 6
1805 1806 4
1806 1807 16
1807 1808 3
1808 1809 4
1809 1810 5
1810 1811 7
1811 1812 6
1812 1487 7
1486 1813 19
1813 1814 18
1814 1815 9
1815 1816 12
1816 1817 5
1817 1818 6
1818 1819 5
1819 1820 4
1820 1821 4
1821 1822 4
1822 1823 4
1823 1824 4
1692 1825 5
1825 1826 3
1826 1827 4
1827 1828 2
1828 1829 3
1829 1830 6
1830 1831 5
1831 1832 3
1832 1833 8
1833 1834 4
1834 1805 10
1826 1835 4
1835 1836 6
1836 1837 5
1837 1838 5
1838 1839 2
1839 1840 3
1840 1841 5
1825 1842 2
1842 1843 2
1843 1844 1
1844 1845 5
1845 1846 2
1846 1799 7
1799 1847 4
1847 1848 8
1848 1849 4
1849 1850 3
1850 1851 1
1851 1852 6
1852 1853 7
1799 1836 13
1836 1854 15
1854 1855 8
1855 1856 12
1856 1857 8
1857 1858 6
1858 1859 5
1859 1860 9
1860 1861 9
1861 1862 6
1862 1863 8
1863 1864 6
1864 1865 4
1865 1866 6
1866 1867 2
1867 1868 8
1868 1869 6
1869 1870 10
1870 1814 10
1830 1871 7
1871 1872 2
1872 1854 4
1854 1873 1
1873 1874 3
1874 1875 1
1875 1876 3
1876 1877 5
1877 1878 2
1878 1879 1
1879 1880 2
1880 1881 2
1881 1882 4
1882 1883 2
1692 1826 8
1826 1854 25
1715 1796 14
1799 1884 17
1884 1885 4
1885 1886 2
1886 1841 4
1887 1888 2
1888 1889 6
1889 1890 4
1890 1891 2
1891 1892 4
1892 1893 2
1893 1894 4
1895 1896 3
1896 1897 3
1897 1898 5
1898 1899 2
1899 1900 3
1900 1901 1
1901 1902 1
1902 1903 2
1903 1904 2
1904 1905 4
1905 1906 4
1906 1907 4
1907 1908 6
1908 1909 4
1909 1910 5
1910 1911 5
1911 1912 2
1912 1913 4
1895 1914 12
1914 1915 6
1915 1916 3
1916 1917 4
1917 1918 3
1918 1919 4
1919 1920 2
1920 1921 2
1921 1922 2
1922 1923 4
1923 1924 2
1924 1925 2
1925 1926 4
1926 1927 3
1927 1928 3
1928 1929 4
1929 1930 7
1930 1931 6
1721 1932 2
1932 1933 1
1933 1934 2
1934 1935 3
1710 1936 4
1936 1937 1
1937 1938 2
1939 1940 2
1940 1941 4
1941 1942 1
1942 1943 6
1943 1944 1
1944 1945 2
1945 1946 2
1946 1708 1
1708 1947 1
1947 1948 1
1948 1949 1
1949 1950 3
1950 1709 1
1709 1951 5
1951 1952 2
1952 1953 2
1953 1954 3
1954 1955 1
1955 1710 3
1710 1956 6
1956 1711 3
1711 1957 7
1957 1958 1
1958 1712 2
1712 1959 5
1959 1960 1
1960 1961 2
1961 1962 4
1962 1963 4
1963 1715 1
1715 1964 6
1964 1965 1
1965 1966 3
1966 1967 1
1967 1968 3
1968 1969 1
1969 1970 2
1970 1692 3
1708 1971 1
1971 1972 1
1972 1973 2
1973 1974 2
1974 1975 2
1975 1976 2
1976 1977 1
1977 1978 2
1978 1979 4
1979 1980 3
1980 1981 3
1981 1982 4
1982 1983 3
1983 1984 3
1984 1985 2
1985 1986 2
1986 1987 1
1987 1988 1
1988 1989 2
1989 1990 4
1990 1991 2
1991 1992 1
1992 1703 1
1704 1993 3
1993 1705 1
1705 1994 3
1994 1995 2
1995 1996 2
1996 1997 2
1998 1999 4
1999 2000 5
2000 2001 8
2001 2002 4
2002 2003 5
2003 2004 3
2004 2005 1
2005 2006 4
2006 2007 1
2007 1992 3
1704 2008 2
2008 2009 4
2009 2010 2
2010 2011 2
2011 2012 3
2012 2013 4
2013 2014 3
2014 2015 4
2015 2016 7
2016 2017 4
2017 2018 3
2018 2019 5
2019 2020 7
2020 2021 5
2021 2022 3
2022 2023 2
2023 2024 5
2008 2025 4
2025 2026 8
2026 2012 5
1721 2027 5
2027 2028 4
2028 1722 2
1722 2029 3
2029 1723 4
1727 2030 1
2030 2031 2
2031 2032 2
2032 2033 2
2033 1970 1
1708 2034 2
2034 2035 4
1721 1956 4
1956 2036 2
2036 1711 1
1960 2037 2
2037 2038 3
2038 2039 4
2039 2040 1
2041 2042 1
2042 2043 1
2043 2044 2
2044 1970 3
1970 2045 1
2045 2046 1
2046 2047 1
2047 2048 2
2048 2049 1
2049 2050 3
2050 2051 1
2051 2052 2
2052 2053 1
2053 2054 2
2054 2055 2
2055 2056 3
2056 2057 3
2057 1830 1
1705 2058 3
2058 2059 3
2059 1706 2
1706 2060 2
2060 2061 2
2061 2062 4
2062 2063 2
2063 2064 2
2064 2065 2
2065 1707 2
1707 2066 3
2066 2067 3
2067 1945 2
1949 2068 3
2068 2069 1
2069 2070 5
2070 2071 6
2071 2072 3
2072 2073 2
2073 2074 4
2074 2075 3
2075 2076 2
2076 2077 2
2077 1712 1
1761 2078 2
2078 2079 3
2079 2080 3
2080 2081 3
2081 1977 6
2035 2082 2
2082 2083 3
2083 2084 2
2084 2085 3
2085 2086 5
2086 2087 2
2087 2088 1
2088 2089 2
2089 2090 1
2090 2091 2
2091 2092 2
2092 2093 2
2093 2094 2
2094 2095 2
2095 2096 1
2096 2097 4
2097 2098 1
2098 2099 1
2099 2100 3
2100 2101 3
2101 2102 1
2102 2103 2
2103 1799 1
1776 2104 7
2104 2105 5
2105 2106 4
2106 2107 4
2107 1753 5
1755 2108 3
2108 2109 1
2109 1756 2
1756 2110 3
2110 1958 1
1959 2111 2
2111 2112 1
2112 2113 3
2113 2114 6
2114 2115 2
2115 2116 6
2116 2117 3
2117 2118 4
2118 2086 5
1705 2119 9
2119 2120 4
2120 2121 4
2121 1939 6
1939 2122 3
2122 2085 4
2086 2090 6
2090 2092 4
2093 2096 5
2096 2123 4
2123 1799 12
1836 1829 9
1830 2124 9
2124 1619 10
1619 2125 5
2125 2126 7
2126 2127 4
2127 2128 6
2128 2129 8
2129 1543 6
2093 2130 7
2130 2131 3
2131 2132 3
2132 2133 5
2133 2134 4
2134 2135 3
2135 2136 3
2136 2137 1
2137 1939 7
2025 2138 9
2138 2139 2
2139 2140 2
2140 2141 4
2141 2142 4
2142 2143 12
2143 2144 5
2144 2145 8
2145 2146 5
2146 2147 8
1704 2011 10
2011 2014 10
2024 2148 2
2148 2149 4
2149 2150 4
2150 2151 5
2151 2152 3
2152 2153 3
2153 2154 2
2154 2155 3
2155 2156 1
2156 2157 2
2157 2158 1
2158 2159 1
2159 1895 4
2024 2160 1
2160 2161 1
2161 2162 3
2162 2163 1
2163 2164 3
2164 2165 4
2165 2166 7
2166 2167 4
2167 2168 3
2168 2169 6
2169 2170 3
2170 2171 1
2171 2172 2
2172 2173 2
2173 2174 3
2174 2175 6
2175 2176 3
2176 2177 1
2177 2178 3
2178 2179 3
2179 2180 5
2180 2181 2
2181 2182 2
2182 2183 2
2183 2184 2
2184 2185 3
2185 2186 2
2152 2187 2
2187 2188 1
2188 2189 1
2189 2190 1
2190 2191 2
2191 2192 1
2192 2193 2
2193 2194 1
2194 2195 5
2195 2196 2
2196 2197 4
2197 2198 1
2198 2199 3
2199 2200 2
2200 2201 5
2201 2202 1
2202 1917 2
1761 2203 3
2203 2204 4
2204 2205 5
2205 2206 2
2206 2207 8
2207 2208 11
2208 2209 5
2209 2210 4
2210 2007 11
2007 1703 3
2014 2211 2
2211 2212 2
2212 2213 5
2213 2214 4
2214 2215 2
2215 2216 2
2216 2217 3
2217 2218 2
2218 2219 4
2219 2220 3
2220 2221 3
2221 2222 3
2222 2223 4
2223 2224 3
2224 2225 6
2225 2226 7
2226 2227 5
2227 2228 8
2228 2229 2
2229 2230 5
2230 2231 2
2231 2232 4
2232 2233 6
2233 2234 3
2234 2235 3
2235 2236 5
2236 2237 7
2237 2238 11
2238 2239 3
2239 2240 3
2240 2241 8
2241 2242 4
2242 2243 4
2243 2244 4
2244 2245 3
2245 2246 3
2246 2247 2
2247 2248 3
2248 2249 4
2249 2250 3
2250 2251 4
1703 2252 3
2252 2253 2
2253 2254 6
2254 2255 5
2255 2256 5
2256 2257 6
2257 2258 7
2258 2259 7
2259 2260 2
2260 2261 5
2261 2262 2
2262 2263 4
2263 2264 4
2264 2265 6
2265 2266 3
2266 2267 4
2267 2268 4
2268 2269 4
2269 2270 4
2270 2228 8
2229 2271 8
2271 2272 4
2272 2273 7
2273 2274 5
2274 2275 4
2275 2276 6
2276 2277 7
2277 2278 6
2278 2279 4
2279 2280 4
2280 2281 6
2281 2282 1
2282 2283 3
2283 2284 5
2284 2285 3
2285 2286 5
2286 2287 3
2287 2288 3
2288 2289 4
2289 2290 3
2290 2291 2
2291 2292 8
2292 2293 3
2293 2294 16
2294 2295 7
2295 2296 4
2254 2297 5
2297 2298 6
2298 2299 7
2299 2300 5
2300 2301 2
2301 2302 4
2302 2303 8
2303 2304 7
2304 2305 5
2305 2306 5
2306 2307 3
2307 2308 5
2308 2309 7
2309 2310 4
2310 2311 4
2311 2312 5
2312 2313 4
2313 2314 5
2314 2315 10
2315 2316 7
2316 2317 4
2317 2318 3
2318 2319 2
2319 2320 4
2320 2321 4
2321 2322 6
2322 2323 4
2323 2324 4
2324 2325 3
2325 2326 3
2326 2327 7
2327 2328 5
2328 2329 6
2329 2330 3
2330 2331 4
2332 2333 3
2333 2334 2
2334 2335 2
2335 2336 3
2336 2337 2
2337 2302 2
2302 2338 3
2338 2339 3
2339 2340 6
2340 2341 5
2341 2342 2
2342 2343 2
2343 2344 3
2344 2345 5
2345 2258 5
2346 2347 2
2347 2348 2
2348 2349 3
2349 2350 1
2350 2351 2
2351 2352 2
2352 2353 2
2353 2354 1
2354 2355 3
2355 2356 2
2356 2357 3
2357 2263 5
2262 2260 7
2358 2359 3
2359 2360 6
2360 2361 8
2361 2362 2
2362 2363 4
2363 2364 5
2364 2365 5
2365 2366 4
2366 2367 2
2367 2268 4
2368 2273 1
2273 2369 6
2369 2370 3
2370 2371 3
2371 2372 3
2373 2374 2
2374 2375 3
2375 2376 5
2376 2377 3
2377 2378 8
2378 1998 10
1998 2002 21
2002 2007 15
2007 2379 18
2379 2380 4
2380 2381 1
2381 2382 2
2382 2383 2
2383 2384 2
2384 2385 8
2385 2386 2
2386 2207 3
2207 2387 5
2387 2388 5
2388 1977 5
1977 1708 11
2389 2390 4
2390 2391 7
2391 2392 2
2392 2373 1
2376 2378 13
2393 2394 5
2394 2395 3
2395 2396 5
2396 1762 5
1761 1977 17
1708 2086 21
2086 2092 6
2203 2397 8
2397 2398 2
2398 2399 3
2399 2400 5
2400 2401 2
2402 2403 4
2403 2404 9
2404 2405 7
2405 2406 6
2406 2407 9
2407 2408 7
2408 2409 4
2409 2410 7
2410 1765 12
1766 2411 7
2411 1708 10
2411 1977 9
1977 1982 16
1982 1703 20
782 1060 6
1060 773 8
776 2412 7
2412 2413 6
2413 2414 6
2414 2415 13
2415 2416 10
2416 2417 10
2417 2418 7
2418 2419 16
2419 927 8
927 2420 2
2420 2421 1
2421 2422 1
2422 2423 1
2423 2424 1
2424 2425 1
2425 2426 1
2426 2427 3
2427 2428 2
2428 2429 1
2429 2430 2
2430 2431 3
2431 2432 2
2432 2433 4
2433 2434 4
2434 2435 3
2415 2436 1
2436 2437 0
2437 2438 1
2438 2439 1
2439 2440 1
2440 2441 2
2441 2442 3
2442 2443 1
2443 2444 1
2444 2445 1
2445 2446 1
2446 2447 1
2447 2448 5
2448 2449 8
2449 2450 1
2446 2448 6
2448 2451 4
2452 2453 2
2453 2454 1
2454 2455 4
2455 2419 3
2419 2456 3
2456 2421 2
2421 927 3
1113 1374 14
927 2457 2
2457 2458 0
2458 2459 1
2459 2460 7
2460 2461 2
2461 2462 6
2462 2463 2
2463 2464 3
2464 2465 4
2465 2466 5
2466 2467 3
2467 960 3
1054 2468 7
2468 2469 8
2469 2470 4
2470 2471 4
2471 2472 4
2472 2473 4
2473 2474 5
2474 2475 2
2475 2476 5
2476 2477 3
2477 2478 5
2478 2479 7
2479 2480 8
2480 2481 7
2481 2482 6
2482 2483 5
2483 2454 5
1060 2484 2
2484 2485 2
2485 2486 1
2486 2487 1
2487 2488 2
2488 2489 2
2489 2490 1
2490 2491 2
2491 2492 2
2492 2493 1
765 2494 3
2494 2495 4
2495 2496 2
2496 2497 1
2497 2498 2
2498 2499 2
2499 2500 5
2500 2501 7
2501 2502 5
2502 2503 5
2503 2504 4
2504 2505 5
2505 2506 4
2506 2507 7
2507 2508 7
2508 2509 3
2509 2510 4
2510 2511 5
2511 2512 4
2512 2513 2
2513 2514 1
2514 2515 3
2515 2516 2
2516 2517 3
2517 2518 3
2518 2519 4
2519 2520 7
2520 2521 7
2521 2522 4
2522 2523 4
2523 2524 2
2524 2525 3
2525 2526 3
2504 2527 5
2527 2528 1
2528 2529 4
2529 2530 4
2530 2531 7
2531 2532 2
2532 2533 3
2533 2534 3
2534 2535 1
2535 2536 1
2509 2537 4
2537 2538 5
2538 2539 3
2539 2540 2
2540 2541 4
2541 2542 3
2542 2543 3
2543 2544 4
2544 2545 3
2545 2546 5
2546 2547 4
2547 2548 4
2548 2549 1
2549 2550 1
2550 2551 2
2551 2552 3
2552 2553 10
2553 2554 1
2552 2555 3
2555 2556 2
2556 2557 1
2557 2558 2
2558 2559 2
2559 2560 3
2560 2561 2
2561 2562 2
2563 2564 5
2564 2565 3
2565 2566 2
2566 2567 1
2567 2568 1
2568 2569 1
2569 2570 1
2570 2571 2
2509 2572 4
2572 2573 2
2573 2574 3
2574 2575 3
2575 2576 4
2576 2577 2
2577 2578 3
2578 2579 2
2579 2580 4
2580 2581 12
2581 2582 4
2582 2583 4
2583 2564 3
2580 2584 4
2584 2585 3
2585 2586 5
2512 2587 6
2587 2588 3
2588 2589 3
2589 2590 4
2590 2591 2
2591 2592 2
2592 2593 4
2593 2594 7
2594 2595 3
2595 2596 3
2596 2475 4
2475 2597 6
2597 2598 4
2598 2599 6
2599 2600 4
2600 2414 6
2414 2601 5
2601 2602 5
2602 2603 3
2603 2604 3
2604 2605 2
2605 2606 2
2606 673 4
2512 2607 0
2607 2608 0
2608 2609 0
2609 2610 1
2610 2611 0
2611 2612 1
2612 2613 0
2613 2614 1
2614 2615 0
2615 2616 1
2616 2617 0
2617 2618 1
2618 2619 0
2619 2620 1
2620 2621 0
2621 2622 1
2622 2623 1
2623 2624 1
2624 2625 1
2625 2626 0
2626 2627 2
2627 2628 2
2628 2629 2
2629 2630 4
2630 2631 2
2631 2632 0
2520 2633 2
2633 2634 2
2634 2635 1
2635 2636 1
2636 2637 2
2637 2638 1
2638 2639 2
2639 2640 1
2640 2641 2
2641 2642 1
2642 2643 2
2643 2631 3
2513 2644 4
2644 2645 1
2645 2646 1
2646 2647 1
2647 2648 4
2648 2649 5
2649 2650 1
2650 2651 1
2651 2652 3
2652 2653 6
2653 2654 2
2654 2655 5
2655 2656 6
2656 2657 5
2657 2658 3
2658 2659 1
927 2456 4
2456 2660 1
2660 2661 2
2661 2662 2
2662 2663 3
2663 2664 2
2664 2665 2
2665 2666 4
2666 2667 6
2667 2668 3
2668 2669 4
2669 2670 5
2670 2671 2
2671 2672 4
2672 2673 6
2673 2674 16
2674 2675 4
2675 2676 3
2676 2677 3
2677 2512 5
927 2423 5
2423 2426 3
2427 2431 8
2431 2435 13
2435 2678 3
2678 2679 2
2679 2680 3
2680 2672 8
2681 2682 72
2420 2423 4
2433 2683 4
2683 2684 3
2684 2685 5
2685 2686 5
2686 2687 7
2687 2688 4
2688 2689 5
2689 2690 4
2690 2691 5
2691 2692 4
2692 2693 5
2693 2682 2
2682 2694 3
2694 2695 2
2695 2526 4
2526 2696 2
2696 2697 2
2697 2698 1
2698 2699 4
2699 2700 1
2700 2701 4
2701 2702 4
2702 2703 5
2703 2659 4
2659 2704 6
2704 2705 2
2705 2706 2
2706 2707 2
2707 2708 2
2708 2709 4
2709 2710 4
2710 2711 3
2711 2712 4
2713 2714 4
2714 2715 4
2715 2716 3
2716 2717 4
2717 2718 8
2718 2719 4
2719 2720 6
2720 2721 1
2721 2722 4
2722 2723 7
2723 2724 3
2724 2725 1
2725 2726 6
2726 2727 2
2727 2728 3
2728 2729 3
2729 2730 6
2730 2731 4
2732 2733 2
2733 2526 2
2526 2734 8
2734 2735 4
2735 2736 2
2736 2737 3
2737 2738 6
2738 2739 5
2739 2740 2
2740 2741 3
2741 2722 2
2728 2742 3
2742 2743 2
2743 2744 3
2744 2745 3
2745 2746 1
2689 2747 6
2747 2748 4
2748 2522 2
2749 2750 2
2750 2751 2
2751 2752 2
2752 2753 2
2753 2754 3
2754 2755 9
2755 2756 6
2756 2757 6
2757 2758 3
2758 2759 3
2759 2760 1
2760 2761 3
2761 2762 3
2762 2763 7
2763 2764 2
2764 2765 2
2765 2766 4
2766 2767 2
2768 2769 3
2769 2770 4
2770 2771 3
2771 2772 2
2772 2773 3
2773 2774 1
2694 2681 8
2681 2775 9
2775 2776 5
2776 2777 3
2777 2717 2
2713 2778 6
2778 2779 5
2779 2768 6
2768 2780 8
2780 2781 6
2781 2782 2
2782 2783 8
2783 2784 7
2785 2786 3
2786 2766 2
2767 2787 4
2787 2788 6
2788 2789 7
2789 2731 7
2731 2790 3
2790 2791 3
2791 2792 2
2792 2793 8
2793 2794 2
2713 2785 2
2750 2795 2
2795 2796 4
2796 2797 4
2797 2798 1
2798 2799 2
2799 2800 4
2800 2801 2
2801 2802 2
2802 2803 3
2803 2804 3
2804 2805 4
2805 2806 7
2806 2807 4
2807 2779 3
927 2808 3
2808 2809 7
2809 2810 3
2810 2811 2
2811 2812 5
2812 2813 4
2813 2814 5
2814 2815 5
2815 2816 3
2816 2817 2
2817 2818 5
2818 2819 6
2819 2820 5
2820 2821 4
2821 2822 2
2822 2823 5
2823 2824 2
2824 2749 4
2825 2826 3
2826 2827 3
2827 2828 2
2828 2829 7
2829 2830 3
2830 2831 4
2831 2832 5
2832 2833 2
2833 2834 2
2834 2818 7
2835 2836 4
2836 2837 2
2837 2838 3
2838 2831 6
2839 2840 6
2840 2841 3
2841 2842 5
2842 2843 4
2843 2844 4
2844 2845 6
2845 2846 3
2846 2847 5
2847 2848 4
2848 2849 6
2849 2797 9
2839 2850 6
2850 2851 4
2851 2852 2
2852 2853 4
2853 2854 6
2854 2855 5
2855 2856 5
2856 2857 8
2857 2858 3
2858 2859 4
2859 2860 2
2860 2861 2
2862 2863 0
2863 2864 5
2864 2865 4
2865 2866 5
2866 2867 5
2867 2868 1
2868 2869 5
2869 2870 1
2870 2871 5
2825 2872 7
2872 2873 12
2873 2874 7
2874 2875 4
2875 2876 3
2876 2862 4
2867 2877 4
2877 2878 4
2878 2879 9
2879 2880 4
2880 2839 6
1354 2881 5
2881 2882 6
2882 2883 3
2883 2884 2
2884 2885 6
2885 2886 5
2886 2887 7
2887 2888 3
2888 2889 6
2889 2890 4
2890 2891 6
2891 2892 3
2892 2893 5
2893 2839 8
2894 2895 2
2895 2896 2
2896 2897 5
2897 2898 5
2898 2899 1
2899 2900 4
2900 2901 3
2901 2902 2
2902 2903 1
2903 2904 3
1354 2905 8
2905 2906 6
2906 2907 8
2907 2908 3
2908 2909 5
2909 2910 7
2910 2911 8
2911 2864 5
2864 2912 3
2912 2913 7
2913 2914 5
2914 2915 6
2915 2916 7
2916 2917 6
2917 2749 6
2885 2918 1
2918 2919 7
2919 2920 7
2920 2921 3
2921 2922 2
2922 2923 3
2923 2924 1
2924 2925 3
2926 2927 3
2927 2928 3
2928 2929 7
2929 2930 6
2930 2931 7
2931 2932 6
2932 2933 7
2933 2934 3
2934 2935 4
2935 2936 10
2936 2937 1
2937 2938 1
2938 2939 5
2939 2940 4
2940 2941 1
2941 2942 4
2942 2943 1
2943 2944 4
2944 2904 2
2928 2945 15
2945 2946 11
2946 2947 14
2947 2948 7
2948 2949 3
2949 2950 9
2950 2951 6
2951 2952 3
2952 2953 11
2919 2954 6
2954 2955 4
2955 2956 7
2956 2957 5
2957 2958 5
2958 2959 6
2959 2960 4
2960 2961 3
2961 2962 7
2962 2928 6
2963 2964 5
2964 2965 3
2965 2966 4
2966 2967 4
2967 2968 3
2968 2969 4
2969 2970 6
2970 2971 5
2971 2954 3
2972 2973 2
2973 2974 2
2974 2975 1
2975 2976 2
2976 2977 2
2977 2978 7
2978 2979 1
2979 2980 3
2980 2981 5
2981 2982 3
2982 2958 2
2983 2984 8
2984 2985 5
2985 2986 4
2986 2987 3
2987 2988 7
2988 2989 4
2989 2990 6
2990 2972 4
2972 2991 4
2991 2992 3
2992 2993 7
2993 2926 6
2907 2994 1
2994 2995 1
2995 2996 4
2996 2997 2
2997 2998 2
2998 2999 2
2999 3000 2
3000 3001 2
3001 3002 1
3002 3003 4
3003 3004 1
3004 3005 3
2907 3006 8
3006 3007 7
3007 3008 6
3008 3009 5
3009 3010 2
3010 2872 6
2825 3011 8
3011 2835 6
2835 3012 8
3012 3013 4
3013 3014 2
3014 3015 4
3015 3016 4
3016 3017 4
3017 960 6
2457 3018 1
3018 2808 0
2808 3019 3
3019 3020 2
3020 3021 3
3021 3022 3
3022 3023 4
3023 3024 3
3024 3025 4
3025 3012 6
3026 3027 4
3027 3028 5
3028 3029 4
3029 3030 3
3030 3031 4
3031 3032 3
3032 3033 4
3033 2825 3
3034 3035 6
3035 3036 7
3036 3037 6
3037 3038 1
3038 3039 3
3039 3040 2
3040 3041 1
3041 3042 4
3042 3043 2
3043 3044 3
3044 3015 2
3045 3046 4
3046 3047 2
3047 3048 2
3048 3049 2
3049 3050 4
3050 3051 1
3051 3015 4
1425 3052 8
3052 3053 5
3053 3054 5
3054 3055 4
3055 3056 4
3056 3057 6
3057 1340 6
1340 3058 7
3058 3059 4
3059 3060 7
3060 3061 4
3061 3062 9
3062 3063 2
3063 3064 4
3064 3065 2
3065 3066 2
3066 3067 2
3067 3068 4
3068 3069 3
3069 960 10
3070 3071 1
3071 3072 1
3072 3073 2
3073 3074 1
3074 3075 1
3075 960 2
960 3076 1
3076 3077 1
3077 3078 1
3078 3079 1
3079 1306 1
3054 3080 6
3080 3081 4
3081 3082 5
1350 3083 6
3083 3084 2
3084 3085 3
3085 3086 7
3086 3087 3
3087 3088 5
3088 3089 5
3089 3090 3
3090 3091 2
3091 3010 3
1425 3092 5
3092 3093 3
3093 3094 3
3094 3095 3
3095 3096 4
3096 3097 4
3097 3098 5
3098 3099 4
3099 3100 4
3100 3101 3
3101 3102 4
3102 3103 4
3103 3104 3
3104 3105 2
3105 3106 12
3106 3107 7
3107 3108 3
3093 3109 4
3109 3110 3
3110 3111 2
3111 3112 3
3112 3113 10
3113 3114 3
3114 3115 5
3115 3116 6
3116 3117 5
3117 3118 4
3118 3119 8
3119 3120 4
3120 3121 4
3121 3122 2
3122 3123 3
3123 1354 6
3121 3124 3
3124 3125 8
3125 3126 3
3126 3127 6
3127 3128 7
1824 3129 28
3129 3130 8
3130 3131 10
3131 3108 5
3102 3132 3
3132 3133 6
3133 3134 10
3134 3135 5
3135 3136 3
3136 3137 7
3137 3138 4
3138 3139 3
3139 3128 5
3128 3140 5
3140 3141 4
3141 3142 5
3142 3143 4
3143 2963 3
3144 3145 5
3145 3146 6
3146 3147 4
3147 3148 3
3148 3149 4
3149 3150 11
3150 3151 4
3151 3152 4
3152 3153 3
3153 2983 2
2983 3154 5
3154 3155 3
3155 3156 4
3156 3157 3
3157 3158 3
3158 2963 11
2963 3159 5
3159 3160 5
3160 2882 5
3158 3161 1
3161 3162 3
3162 3163 2
3163 3164 3
3164 3165 1
1824 3166 4
3166 3167 3
3167 3168 3
3168 3169 3
3169 3170 5
3170 3171 3
3171 3172 5
3172 3173 3
3173 3144 25
3144 3174 10
3174 3175 4
3175 3176 13
3176 3177 8
3177 3178 5
3178 3179 16
1823 3180 5
3180 3181 3
3181 3182 7
3182 3129 9
3130 3183 4
3183 3131 6
3108 3184 6
3184 1389 14
3108 3185 15
3185 3186 11
3186 3187 3
3187 3188 12
3188 3144 20
3179 3189 14
3189 3190 5
3190 3191 10
3191 3192 7
3192 3193 7
3193 3194 6
3194 3195 5
3195 3196 2
3196 3197 4
3197 3198 3
3198 3199 3
3199 3200 4
3200 3201 4
3201 3202 5
3202 3203 2
3203 3204 13
3204 3205 6
3205 2296 4
3179 3206 8
3206 3207 3
3207 3208 1
3208 3209 2
3209 3210 2
3210 3211 2
3211 3212 2
3212 3213 3
3213 3214 4
3168 3215 3
3215 3216 3
3216 3217 4
3217 3218 4
3218 3219 6
3219 3220 6
3220 3221 3
3221 3222 6
3222 3223 6
3223 3224 7
3224 3225 5
3225 3226 4
3226 3227 11
3227 3228 7
3228 3229 5
3229 3230 4
3230 3231 3
3231 3232 3
3232 3233 4
3233 3234 4
3234 3235 4
3235 3236 3
3236 3237 4
3237 3238 3
3238 3239 5
3239 1931 2
3231 1908 59
2230 3240 5
3240 3241 4
3241 3242 2
3242 3243 2
3243 3244 3
3244 3245 5
3245 3246 4
3246 3247 7
3247 3248 6
3248 3249 3
3249 3250 3
3250 2186 3
2186 3251 3
3251 3252 3
3252 3253 2
3253 3254 3
3254 3255 3
3255 3256 3
3256 3257 4
3257 3258 3
3258 3259 5
3259 3260 3
3260 3261 6
3261 3262 4
3262 3263 3
3263 3264 2
3264 1929 5
1929 1931 13
3251 3265 4
3265 3266 3
3266 3267 2
3267 3268 4
3268 3269 5
3269 3270 6
3270 3271 3
3271 3272 8
3272 3273 15
3273 3274 7
3274 3275 1
3275 2296 8
2184 3276 2
3276 3277 4
3277 3278 5
3278 3279 1
3279 3280 3
3280 3281 2
3281 3282 5
3282 3283 4
3283 3284 1
3284 3285 3
1931 3286 6
3286 3287 4
3287 3288 2
3288 3289 6
3289 3290 3
3290 3291 7
3291 3292 4
3292 3293 18
3293 3294 13
3294 2296 3
1931 3295 2
3295 3296 4
3296 3297 2
3297 3298 7
3298 3299 3
3299 3300 4
3300 3301 3
3301 3302 3
3302 3303 3
3303 3304 4
3304 3305 7
3305 3306 3
3306 3307 1
3307 3308 3
3308 3309 3
3309 3310 3
3310 3311 7
3311 3312 4
3312 3197 4
3292 3313 4
3313 3314 2
3314 3315 2
3315 3316 2
3316 3317 3
3317 3318 1
3318 3319 5
3319 3320 3
3320 3304 3
3292 3321 5
3321 3322 11
3322 3323 2
3323 3324 4
3324 3325 5
3325 3203 5
3307 3326 1
3326 3327 3
3327 3328 3
3328 3329 2
3329 3330 2
3330 3322 4
3322 3331 1
3331 3332 3
3332 3333 2
3333 3334 2
3334 3335 1
3335 3336 2
3336 3293 4
1931 3337 3
3337 3338 7
3338 3339 4
3339 3340 3
3340 3341 3
3341 3342 3
3342 3343 3
3343 3344 3
3344 3345 3
3345 3346 6
3346 3347 5
3347 3348 10
3348 3349 7
3349 3350 7
3350 3351 5
3351 3352 7
3352 3353 4
3353 3354 3
3354 3355 6
3355 3356 3
3356 3179 11
3292 3357 2
3357 3358 5
3358 3359 4
3359 3360 2
3360 3361 3
3361 3362 2
3362 3363 3
3363 3364 4
3364 3365 9
3365 2296 6
3205 3366 4
3366 3367 3
3367 3368 3
3368 3369 2
3369 3370 4
3370 3371 2
3371 3203 2
3203 3372 1
3372 3373 4
3373 3374 2
3374 3375 4
3375 3376 3
3376 3377 2
3377 3378 6
3379 3380 4
3380 3381 4
3381 3382 2
3382 3383 3
3383 3384 3
3384 3385 8
3385 3386 5
3386 3387 3
3387 3388 4
3388 3389 2
3389 3390 2
3390 3391 4
3391 3392 1
3392 3393 5
3393 3394 2
3394 3395 1
3395 3396 8
3396 3397 7
3397 3398 3
3398 3399 13
3400 3401 2
3401 3402 2
3402 3403 2
3403 3404 2
3404 3405 1
3405 3406 2
3406 3407 3
3407 3408 1
3408 3409 1
3409 3410 1
3410 3411 1
3411 3412 2
3412 3413 2
3413 3374 1
3275 3414 2
3414 3415 3
3415 3416 2
2251 3417 3
3417 3418 4
3418 3419 5
3419 3420 6
3420 3421 2
3421 3422 4
3422 3423 4
3423 3274 2
3275 3424 2
3424 3425 2
3425 2296 4
2296 3426 1
3426 3427 1
3427 3428 1
3428 3429 1
3429 3430 1
3430 3431 3
3431 3432 1
3432 3433 1
3433 3434 2
3434 3435 2
3435 3436 1
3436 3437 3
3437 3438 3
3438 3439 1
3439 3440 2
3440 3441 2
3441 3442 2
3442 3443 2
3443 3444 2
3272 3445 3
3445 3446 2
3446 3447 2
3447 3448 4
3448 3273 4
3273 3449 2
3449 3450 3
3450 3274 2
3435 3451 3
3451 3452 2
3452 3453 1
3453 3454 1
3379 3455 5
3455 3456 2
3456 3457 2
3457 3458 2
3458 3459 3
3459 3460 1
3460 3461 2
3461 3462 4
3462 3463 3
3463 3464 2
3464 3205 1
3205 3465 1
3465 3429 1
2296 3466 1
3466 3467 1
3467 3294 1
3294 3365 3
3365 3468 2
3468 3469 2
3469 3470 1
3470 3471 1
3471 3472 1
3471 3416 2
3203 3473 2
3473 3474 4
3474 3475 1
3475 3434 4
2295 3476 2
3476 2294 5
2294 3477 5
3477 3478 8
3478 2293 4
2293 3479 1
3479 2292 3
2292 3480 3
3480 2291 3
2290 3481 2
3481 3417 4
3364 3482 1
3482 3483 2
3483 3365 6
3292 3484 4
3484 3485 3
3485 3486 4
3486 3487 0
3487 3488 5
3488 3293 2
3293 3489 1
3489 3490 3
3490 3491 2
3491 3492 2
3476 3493 4
3493 3494 5
3494 3495 2
3495 3496 9
3496 3497 4
3497 3498 3
3498 3499 2
3461 3500 2
3500 3501 2
3501 3502 1
3502 3503 2
3503 3504 2
3504 3505 3
3505 3444 3
3444 3506 3
3506 3507 3
3507 3508 3
2296 3459 14
3459 3379 14
3379 3509 2
3509 3510 4
3510 3511 7
3511 3512 2
3512 3513 2
3513 3514 2
3514 3515 3
3515 3516 4
3516 3517 4
3517 3518 2
3518 3519 4
3519 3520 4
3520 3521 2
3521 3522 4
3522 3523 4
3523 3524 7
3524 3525 2
3378 3526 4
3526 3527 2
3528 3529 2
3529 3530 4
3530 3531 4
3531 3532 3
3532 3533 5
3533 3515 6
3519 3534 4
3534 3535 3
3535 3536 2
3536 3537 2
3537 3538 3
3538 3539 1
3539 3540 2
2295 3494 11
3496 3499 9
3499 3541 3
3541 3542 3
3542 3543 4
3543 3544 4
3544 3545 4
3545 3546 3
3546 3531 2
3531 3547 5
3547 3548 9
3548 3549 1
3549 3550 2
3550 3551 2
3551 3552 2
2290 3528 46
3528 3553 11
3553 3554 10
3554 3555 11
3555 3556 9
3556 3557 14
3557 3558 8
3558 3559 9
3559 3560 21
2291 3561 5
3561 3562 4
3562 3563 3
3563 3564 5
3564 3565 2
3565 3566 7
3566 3567 3
3567 3568 3
3568 3569 4
3569 3528 8
3528 3570 5
3570 3553 6
3553 3571 6
3571 3554 4
3554 3572 3
3572 3552 2
2290 3573 3
3573 3574 3
3574 3575 4
3575 3576 4
3576 3577 4
3577 3578 5
3578 3579 4
3579 3580 6
3580 3581 6
3581 3582 2
2282 3583 12
3583 3584 3
3584 3585 3
3585 3586 4
3586 3587 2
3587 3580 3
3582 3588 2
3588 3589 6
3589 3590 2
3590 3591 5
3591 3592 4
3592 3593 5
3593 3528 6
3592 3594 42
3595 3596 10
3596 3597 4
3597 3598 6
3598 3599 3
3599 3600 4
3600 3601 4
3601 3602 1
3602 3603 4
3603 3594 10
3594 3604 5
3604 3605 4
3605 3606 4
3606 3607 3
3607 3608 7
3608 3609 2
3609 3610 5
3610 3611 3
3611 3555 5
3555 3612 4
3612 3554 7
3552 3613 4
3613 3614 2
3614 3615 3
3615 3524 6
3525 3616 4
3616 3617 3
3617 3618 1
3618 3619 4
3619 3620 1
3620 3621 4
3621 3622 4
3622 3623 3
3623 3399 9
3399 3624 6
3624 3625 3
3625 3626 4
3626 3627 3
3627 3628 3
3628 3629 2
3629 3630 1
3630 3631 4
3631 3632 2
3632 3633 3
3633 3634 5
3634 3635 2
3635 3636 5
3636 3637 3
3637 3638 2
3638 3639 2
3557 3640 4
3640 3641 5
3641 3642 1
3642 3556 4
3556 3643 1
3643 3644 6
3644 3555 2
3612 3645 3
3645 3646 2
3646 3554 2
3525 3647 3
3647 3648 5
3648 3649 5
3649 3650 6
3650 3651 2
3651 3652 2
3652 3653 4
3653 3654 6
3654 3655 19
3655 3560 7
3619 3656 4
3656 3657 1
3657 3658 2
3658 3659 3
3659 3660 2
3660 3661 4
3661 3662 4
3662 3663 2
3663 3664 1
3664 3665 3
3665 3666 3
3666 3667 2
3668 3669 4
3669 3670 4
3670 3671 3
3671 3672 2
3672 3673 2
3673 3674 1
3674 3675 1
3675 3676 0
3676 3677 4
3677 3678 1
3678 3679 4
3679 3680 3
3680 3681 3
3681 3553 3
3592 3682 2
3682 3683 2
3683 3684 3
3684 3675 3
3678 3685 1
3685 3686 4
3686 3687 1
3687 3688 3
3688 3689 4
3689 3690 4
3690 3609 2
3691 3692 3
3692 3693 2
3693 3694 2
3694 3695 2
3695 3696 3
3696 3697 4
3697 3698 6
3698 3699 4
3699 3595 5
3700 3701 3
3701 3702 2
3702 3703 3
3703 3704 3
3704 3705 2
3705 3706 2
3706 3707 3
3707 3708 2
3708 3709 2
3709 3710 1
3710 3711 1
3711 3598 5
3712 3713 7
3713 3714 5
3714 3715 5
3715 3716 6
3716 3717 11
3717 3603 2
3594 3718 6
3718 3719 7
3719 3720 4
3720 3721 5
3721 3722 4
3722 3723 12
3723 3724 5
3724 3725 3
3725 3726 3
3726 3727 4
3727 3728 5
3728 3729 3
3729 3730 2
3730 3731 4
3731 2281 2
3603 3732 1
3732 3733 3
3733 3734 3
3734 3735 3
3735 3736 3
3736 3737 2
3737 3738 2
3738 3739 3
3739 3740 2
3740 3741 2
3741 3742 3
3742 3743 3
3743 3744 2
3744 3745 2
3697 3746 2
3746 3747 3
3747 3748 5
3748 3749 3
3749 3750 7
3750 3751 7
3751 3752 4
3752 3753 2
3753 3754 2
3754 3755 2
3755 3756 4
3756 3713 3
3713 3757 3
3757 3758 7
3758 3759 4
3759 3760 1
3760 3761 6
3761 3762 4
3762 3763 4
3763 3764 4
3764 3765 5
3765 3766 2
3766 3767 2
3767 3768 3
3768 3769 4
3608 3770 6
3770 3771 2
3771 3772 2
3772 3773 3
3773 3769 5
3769 3774 5
3774 3775 3
3775 3776 2
3776 3777 3
3777 3778 7
3778 3779 6
3779 3780 6
3780 3781 2
3781 3782 1
3782 3560 5
3779 3783 4
3783 3784 3
3784 3785 2
3785 3786 3
3777 3787 5
3787 3788 3
3788 3789 2
3769 3777 13
3777 3790 6
3790 3791 2
3791 3792 2
3792 3793 1
3691 3794 3
3794 3795 2
3795 3796 3
3796 3797 1
3797 3798 3
3798 3799 1
3799 3800 1
3800 3801 2
3801 3802 5
3802 3803 2
3803 3804 3
3804 3805 4
3805 3806 3
3806 3807 2
3807 3808 3
3808 3809 2
3809 3810 3
3810 3811 4
3811 3812 3
3812 3813 2
3813 3814 4
3814 3815 2
3815 3816 3
3816 3817 2
3817 3818 3
3818 3819 8
3819 3820 7
3820 3821 4
3821 3822 3
3822 3823 4
3823 3824 2
3824 3825 4
3825 3826 5
3826 3827 3
3827 3828 2
3828 3726 13
3727 3583 8
3583 3829 8
3829 2284 4
3691 3830 9
3830 3831 4
3831 3832 3
3832 3833 4
3833 3834 1
3834 3835 3
3835 3836 3
3836 3837 4
3837 3838 2
3838 3839 3
3839 3840 2
3834 3841 3
3841 3842 4
3842 3802 4
3802 3843 4
3843 3844 2
3844 3595 8
3691 3845 3
3845 3846 3
3846 3847 10
3847 3848 3
3848 3849 4
3849 3850 4
3850 3851 5
3851 3852 4
3852 3853 3
3853 3854 1
3854 3855 4
3855 3856 2
3856 3857 4
3857 3858 5
3858 3859 6
3859 3860 4
3860 3861 4
3861 3862 3
3862 3863 3
3863 3864 4
3864 3865 3
3865 3866 5
3866 2331 1
3867 3868 2
3868 3869 5
3869 3850 5
2329 3870 1
3870 3871 2
3871 3872 2
3872 3873 5
3873 3874 3
3874 3875 4
3875 3876 4
3876 3877 8
3877 3878 5
3878 3879 4
3879 3880 8
3880 3881 4
3881 3882 2
3882 3883 5
3883 3884 4
3884 3885 5
3885 3886 2
3886 3887 2
3887 3888 4
3888 3889 4
3889 3890 3
3890 3891 3
3891 3892 4
3892 3893 2
3893 3894 7
3894 3895 4
3895 3896 1
3896 2229 3
3880 3897 5
3897 3898 5
3898 3899 3
3865 3900 2
3900 3901 4
3901 3902 1
3902 3903 5
3903 3904 2
3904 3905 3
3905 3906 6
3906 3907 11
3907 3908 7
3909 3910 2
3910 3865 2
3552 3911 3
3911 3912 5
3912 3913 6
3913 3914 1
3914 3915 7
3915 3916 2
3916 3917 7
3917 3918 2
3918 3559 7
3559 3919 6
3919 3920 4
3920 3921 5
3921 3560 6
3560 3922 22
3922 3923 6
3923 3924 10
3924 3925 9
3925 3926 6
3926 3927 6
3927 3928 8
3928 3929 13
3929 3930 5
3930 3931 8
3931 3932 3
3932 3933 3
3933 3934 3
3934 3935 5
3935 3936 3
3936 3937 1
3937 3938 3
3938 3939 4
3939 3940 3
3940 3941 3
3941 3942 2
3942 3943 2
3943 3944 1
3944 3945 5
3945 3946 3
3946 3947 1
3947 3948 3
3948 3949 3
3949 3950 6
3950 3951 3
3951 3952 5
3952 3953 3
3953 3954 3
3954 3955 4
3955 3956 3
3956 3957 3
3957 3958 3
3958 3959 2
3959 3960 4
3960 3961 2
3961 3962 3
3962 3963 3
3557 3964 5
3964 3558 3
3558 3965 4
3965 3966 1
3966 3559 4
3559 3967 5
3967 3654 5
3613 3525 13
3525 3623 24
3399 3628 19
3628 3968 18
3968 3969 6
3969 3970 5
3552 3525 17
3616 3659 18
3659 3662 10
3662 3664 3
3664 3971 7
3971 3972 4
3972 3973 3
3973 3974 6
3974 3968 3
3973 3975 3
3975 3974 3
3968 3976 2
3976 3969 4
3969 3977 4
3977 3970 1
3978 3979 2
3979 3980 1
3980 3981 3
3981 3982 2
3982 3983 2
3983 3984 2
3984 3985 1
3985 3986 2
3986 3987 1
3987 3988 1
3988 3989 1
3989 3990 2
3990 3991 1
3991 3992 1
3992 3993 5
3993 3994 51
3994 3655 19
3995 3996 6
3996 3997 1
3997 3998 2
3998 3999 3
3999 3922 5
3922 4000 59
3922 4001 6
4001 3923 2
3923 4002 3
4002 4003 1
4003 4004 3
4004 3924 5
3779 3655 15
3655 4005 11
4005 4006 14
3654 3994 15
3994 4007 1
4007 4008 3
4008 4009 4
4009 4010 3
4010 4011 4
4011 4012 3
3927 4013 4
4013 4014 5
4014 4015 2
4015 4016 1
4016 4017 2
4017 4018 1
4018 4019 1
4019 4020 2
4020 4021 3
4021 4022 2
4022 4023 3
4023 4024 3
4025 4026 5
4026 4027 3
4027 3927 5
3928 4028 2
4028 4029 8
4029 4030 8
4030 4031 5
4031 4032 3
4032 4033 7
4033 4034 10
4034 4035 13
4035 4036 15
4036 4037 15
4037 4038 14
4038 4039 13
4039 4040 6
4040 4041 16
4041 4042 2
4042 4043 4
4043 4044 6
4044 4045 2
4045 4046 1
4046 4047 6
4047 4048 3
4048 4049 3
4049 4050 6
4050 4051 3
4051 4052 2
4052 4053 2
4053 4054 1
4054 4055 1
4055 4056 2
4033 4057 4
4057 4058 5
4058 4059 5
4059 4060 1
4060 4061 3
4061 4062 5
4062 4063 10
4063 4000 6
3940 4066 3
4066 4067 2
4067 4068 2
4068 4069 1
4069 4070 2
4070 4071 2
4071 4072 2
4072 4073 2
4073 4074 3
3944 4075 4
4075 4076 3
4076 4077 5
4077 4078 3
4078 4079 12
4079 4080 4
4080 4081 5
4081 4082 11
4082 4083 5
4083 4084 6
4084 4085 3
4085 4086 5
4086 4087 8
4087 4088 1
4088 4038 1
4080 4089 8
4089 4090 2
4090 4091 3
4091 4092 4
4092 4093 2
3944 4094 1
4094 4095 1
4095 4096 2
4096 4097 3
4097 4065 5
4065 4098 3
4098 4099 3
4099 4064 5
3963 4100 5
4100 4101 2
4101 4102 4
4102 4103 4
4103 4104 3
4104 4105 5
4105 4106 4
4106 4107 5
4107 4108 5
4108 4109 4
4109 4110 1
4110 4111 5
4111 4112 4
4112 4113 4
4113 4114 5
4114 4115 3
4115 4116 1
4116 4117 6
4117 4118 5
4118 4119 1
4119 4120 2
4120 4121 3
4121 4122 6
4122 4123 4
4123 4124 3
4124 4125 4
4125 4126 4
4126 4127 3
4127 4128 3
4128 4045 5
4129 4130 2
4130 4131 1
4131 4132 3
4132 4133 2
4133 4134 2
4134 4135 4
4135 4136 4
4136 4137 3
4137 4138 3
4138 4139 2
4139 4140 2
4140 4141 2
4141 4142 2
4142 4143 3
4143 4144 3
4144 4145 6
4145 4146 5
4146 4147 4
4147 4148 4
4148 4149 1
4149 4150 5
4150 4151 4
4151 4152 23
4152 4048 7
4048 4045 10
4153 4154 3
4154 4155 1
4155 4156 2
4156 4157 1
4157 4158 1
4158 4159 1
4159 4160 1
4160 4161 1
4161 4162 1
4162 4163 14
4163 3962 2
4164 3963 5
3963 4165 5
4165 4159 2
4153 4166 2
4166 4167 2
4167 4168 2
4168 4169 3
4169 4170 3
4170 4171 6
4172 4173 21
4173 4174 16
4174 4175 4
4175 4176 5
4176 4177 4
4177 4178 2
4178 4179 10
4179 4180 14
4180 4181 11
4181 4182 18
4182 4183 15
4183 4184 13
4184 4041 19
4041 4045 14
4178 4185 5
4185 4186 11
4186 4187 4
4187 4188 4
4188 4000 6
4182 4189 3
4189 4190 6
4190 4191 3
4191 4192 5
4192 4193 1
4193 4194 1
4194 4195 2
4195 4196 3
4196 4037 3
4037 4197 3
4197 4198 1
4198 4199 1
4199 4200 3
4200 4201 3
4201 4202 2
4202 4038 1
4182 4203 1
4203 4189 2
4189 4204 10
4204 4183 2
4183 4205 1
4205 4206 2
4206 4207 2
4207 4208 3
4208 4209 1
4209 4184 4
4184 4210 2
4210 4211 1
4211 4212 1
4212 4213 4
4213 4040 2
4040 4214 1
4214 4115 65
4172 4215 3
4215 4216 10
4216 4217 9
4217 4218 5
4218 4219 4
4219 4220 5
4220 4221 3
4221 4222 3
4222 4223 4
4223 4224 2
4224 4225 2
4225 4226 3
4226 4227 3
4227 4228 2
4228 4229 3
4229 4230 6
4230 4231 4
4231 4232 2
4232 4233 3
4233 4234 6
4234 4235 12
4235 4236 5
4236 4237 6
4237 4238 11
4238 4239 5
4239 4240 7
4240 4241 3
4241 4242 2
4242 4243 18
4243 4244 5
4244 4245 12
4245 4246 5
4246 4247 2
4247 4248 3
4248 4249 3
4249 4250 2
4250 4251 6
4251 4252 2
4252 4253 2
4253 4254 2
4254 4138 2
4138 4255 1
4244 4256 10
4256 4257 10
4257 4258 3
4258 4259 7
4259 4260 13
4260 4261 6
4083 4086 14
4087 4038 2
4040 4184 10
4184 4262 18
4262 4263 24
4263 4264 5
4264 4265 6
4265 4266 6
4266 4267 11
4267 4268 20
4268 4269 11
4269 4270 11
4270 4271 7
4271 4235 16
4269 4272 6
4272 4273 4
4273 4270 1
4271 4274 1
4274 4275 8
4275 4276 1
4276 4277 4
4277 4235 2
4235 4278 2
4278 4279 2
4279 4280 5
4280 4281 3
4281 4282 6
4282 4283 2
4283 4284 4
4284 4285 7
4285 4286 5
4286 4287 6
4235 4288 1
4288 4289 6
4289 4290 3
4290 4291 1
4291 4292 5
4292 4293 6
4293 4294 4
4294 4295 5
4295 4296 2
4296 4297 2
4297 4298 4
4298 4299 5
4299 4300 5
4300 4301 1
4301 4302 4
4302 4303 3
4303 4304 2
4304 4305 5
4305 4306 5
4306 4307 4
4217 4308 15
4308 4309 4
4309 4310 3
4310 4311 3
4311 4312 10
4312 4313 4
4313 4314 5
4314 4315 3
4315 4316 1
4316 4317 2
4317 4318 2
4318 4319 3
4319 4320 3
4320 4321 3
4309 4322 3
4322 4323 3
4323 4324 1
4324 4325 3
4325 4326 3
4326 4327 2
4327 4328 1
4328 4329 1
4321 4174 22
4321 4330 2
4330 4331 6
4331 4332 5
4332 4333 3
4333 4334 2
4334 4335 3
4335 4336 4
4336 4337 9
4337 4338 5
4338 4339 3
4339 4340 1
4340 4341 4
4341 4342 4
4342 4343 3
4343 4344 3
4344 4345 3
4345 4346 6
4346 4347 7
4347 4263 14
4266 4348 2
4348 4349 7
4349 4350 11
4350 4244 8
4336 4263 50
4006 4352 3
4352 4353 3
4353 4354 2
4354 4012 5
4012 4355 1
4355 4356 4
4356 4357 3
4357 4358 5
4358 4359 4
4359 4360 2
4360 4361 5
4361 4362 9
4362 4172 14
3525 3649 13
3649 3651 8
3651 3654 12
3994 4012 18
4006 4363 12
4363 4364 4
4364 4365 3
4365 4366 5
4366 4367 2
4367 4368 4
4368 4369 7
4369 4370 9
4370 4185 10
4185 4179 15
4179 4371 4
4371 4351 4
4351 4372 7
4372 4373 3
4373 4374 3
4374 4375 3
4375 4321 8
3628 4376 5
4376 4377 2
4377 4378 3
4378 4379 4
4379 3968 4
4380 4381 3
4381 4382 13
4382 4383 6
4383 4384 4
4384 4385 2
4385 4386 5
4386 4387 3
4387 4388 5
4388 4389 2
4389 4390 3
4390 4391 9
4391 4392 11
4392 4393 7
4393 3639 5
3639 4394 4
4394 4395 3
4395 4396 4
4396 4397 5
4397 4398 5
4398 4399 2
4399 4400 4
4400 4401 1
4401 4402 5
4402 3968 5
3970 4403 7
4403 4404 6
4404 4405 5
4405 4406 3
4406 4407 2
4407 4361 7
3378 4408 2
4408 4409 1
4409 4410 3
4410 4411 4
4411 4412 5
4412 4413 4
4413 4414 1
4414 4415 3
4415 4416 1
4416 4417 2
4417 4418 5
4418 4419 3
4419 4420 4
4420 4421 7
4421 4422 4
4422 4423 5
4423 4424 2
4424 4425 3
4425 4426 5
4426 4427 2
4427 4428 3
4428 4429 5
4429 4430 3
4430 4431 4
4431 4432 2
4432 4433 5
4433 4434 5
4434 4435 2
4435 4436 1
4436 4389 4
4390 4437 4
4437 4438 3
4438 4439 3
4439 4440 3
4440 4441 2
4441 4442 3
4442 4443 3
4443 4444 7
4444 4445 9
4445 4446 7
4446 4447 8
4447 4448 9
4448 4449 5
3970 3992 7
3992 3979 20
3979 4450 7
4450 4451 5
4451 4452 10
4452 4453 5
4453 4454 41
4454 4455 17
4455 4449 10
4420 4456 3
4456 4457 3
4457 4458 3
4458 4459 2
4459 4460 4
4460 4461 9
4461 4462 5
4462 4463 2
4463 4464 1
4464 4465 7
4465 3636 4
4215 4466 9
4466 4467 10
4467 4468 9
4468 4469 6
4469 4470 4
4470 4471 6
4471 4472 4
4472 4473 5
4473 4474 5
4474 4454 12
4466 4475 18
4475 4476 4
4476 4477 1
4477 4478 4
4478 4479 4
4479 4480 8
4480 4481 10
4481 4482 3
4482 4307 12
4307 4483 2
4483 4484 2
4484 4485 3
4485 4486 3
4486 4487 4
4487 4488 2
4488 4489 8
4489 4449 13
4449 4490 23
4490 4491 23
4491 4492 44
4493 4494 4
4494 4495 2
4495 4496 3
4496 4497 3
4498 4499 3
4499 4500 2
4500 4501 4
4501 4468 5
4498 4502 2
4502 4503 4
4503 4504 2
4504 4362 3
4362 4493 3
4493 4505 4
4505 4506 2
4506 4507 2
4507 4172 3
4172 4508 1
4508 4509 1
4509 4510 1
4511 4512 3
4512 4513 2
4513 4514 3
4514 4515 3
4515 4516 3
4516 4517 4
4517 4518 3
4518 4519 1
4519 4520 2
4520 4505 1
3378 4521 7
4521 4522 4
4522 4523 7
4523 4524 6
4524 4525 8
4525 4526 6
4526 4527 1
4527 4528 13
4528 4529 3
4529 4530 10
4530 4531 6
4531 4532 2
4532 4533 4
4533 4534 6
4534 4535 3
4535 4380 4
3190 4536 10
3191 4536 8
4536 4537 11
4537 4538 12
4538 4539 3
4539 4540 2
4540 4541 5
4541 4542 7
4542 4528 6
4528 4543 9
4543 4544 4
4544 4545 3
4545 4546 2
4546 4547 2
4547 4548 5
4548 4549 3
4549 4550 2
4550 4551 2
4551 4552 4
4552 4553 4
4553 4554 7
4380 4555 8
4555 4556 6
4556 4557 4
4557 4558 4
4558 4559 8
4559 4560 13
4560 4561 18
4561 4562 9
4562 4563 14
4563 4564 10
4564 4492 8
4561 4565 4
4565 4566 2
4566 4567 4
4567 4568 6
4568 4569 4
4569 4570 3
4570 4571 3
4571 4572 4
4564 4573 2
4573 4574 1
4574 4575 1
4575 4576 1
4576 4577 1
4577 4578 2
4578 4579 3
4579 4580 2
4555 4581 9
4581 4582 6
4582 4583 5
4583 4584 4
4584 2953 11
2953 4585 2
4585 4586 1
4586 4587 22
4587 4588 7
4588 4589 5
4589 4590 13
4590 4591 7
2928 4592 3
4554 4593 8
4593 2951 2
2926 4592 7
4592 4594 3
4594 4595 3
4595 2945 2
2904 4596 4
4596 4597 7
4597 4598 1
4598 4599 1
4599 4600 3
4600 4601 3
4601 4602 1
4602 4603 4
4603 4604 4
4604 4605 3
4605 4606 7
4606 4607 3
4607 4608 6
4608 4609 6
4609 4610 6
4610 4611 2
4611 4612 4
4612 4613 4
4613 4591 4
4591 4614 7
4614 4615 4
4615 4616 2
4616 4617 3
4617 4618 7
4618 4619 4
4619 4620 4
4620 4621 3
4621 4622 10
4622 4623 17
4623 4624 2
4624 4625 4
4625 4626 4
4626 4564 3
4618 4627 4
4627 4628 1
4628 4629 1
4629 4630 3
4630 4631 4
4631 4632 2
4612 4633 4
4633 4634 4
4634 4635 2
4635 4636 3
4636 4637 5
4602 4638 2
4638 4639 4
4639 4640 2
4640 4641 4
4641 4642 6
2852 4643 4
4643 4644 5
4644 4645 4
4645 4646 7
4646 4647 6
4647 4648 6
4648 4649 6
4649 4650 6
4650 4651 3
4651 4652 5
4652 4653 3
4653 4654 3
4654 4655 6
4655 4656 3
4656 4657 4
4657 4607 4
4658 4659 8
4660 4661 10
4661 4662 7
4662 4663 4
4663 4664 2
4664 4665 5
4665 2784 6
4666 4667 5
4667 4668 3
4668 4669 3
4669 4670 4
4656 4671 6
4671 4672 6
4672 4673 5
4673 4674 5
4674 4675 6
4675 4676 2
4676 4658 4
4658 4666 58
4666 4659 13
4661 4677 3
4677 4678 2
4678 4679 2
4679 4680 2
4665 4681 6
4681 4682 6
4682 4683 5
4683 4684 7
4684 4685 4
4685 4686 8
4686 4687 9
4687 4688 8
4688 4689 11
4689 4690 7
4690 4691 11
4691 4692 5
4692 4693 8
4693 4694 3
4694 4695 6
4695 4696 6
4696 4697 5
4697 4698 7
4698 4699 4
4699 4700 5
4700 4701 15
4701 4702 12
4702 4703 15
2784 4704 2
4704 4705 5
4705 4706 4
4706 4707 2
4707 4708 2
4708 4709 4
4709 4710 2
4710 4711 2
4711 4712 1
4712 4713 3
4665 4714 4
4714 4715 4
4715 4716 9
4716 4717 2
4717 4718 2
4718 4719 1
4719 4720 1
4492 4721 27
4721 4722 16
4722 4723 15
4723 4724 21
4724 4725 4
4725 4726 5
4726 4727 10
4727 4728 9
4728 4686 3
4686 4729 11
4729 4730 3
4723 4731 8
4731 4732 6
4732 4670 13
4733 4734 9
4734 4735 2
4735 4736 2
4736 4737 3
4737 4738 2
4738 4739 3
4739 4740 2
4740 4741 2
4741 4742 1
4742 4743 2
4670 4744 2
4744 4745 2
4745 4746 1
4746 4747 2
4747 4748 3
4748 4749 2
4749 4750 2
4670 4751 9
4751 4752 4
4752 4724 6
4724 4753 7
4753 4754 6
4754 4755 6
4755 4756 6
4756 4692 15
4721 4757 5
4757 4758 4
4758 4759 6
4759 4760 2
4760 4761 17
4761 4762 8
4762 4763 9
4763 4764 5
4764 4765 5
4765 4766 2
4766 4692 2
4691 4767 1
4757 4760 12
4760 4768 11
4768 4769 3
4769 4770 9
4770 4771 14
4771 4700 12
4700 4772 20
4772 4773 10
4773 4774 6
4774 4775 3
4775 4776 9
4776 4777 7
4777 4778 4
4778 4779 3
4779 4780 5
4776 4781 3
4781 4782 2
4782 4783 4
4783 4784 4
4784 4785 3
4785 4786 2
4786 4787 3
4776 4788 9
4788 4789 6
4789 4790 3
4790 4791 4
4791 4792 2
4792 4793 3
4793 4794 2
4794 4795 2
4795 4796 1
4796 4797 5
4797 4798 2
4798 4799 1
4492 4800 12
4800 4801 4
4801 4802 2
4802 4803 3
4803 4804 2
4804 4805 4
4805 4806 5
4806 4807 4
4807 4808 10
4808 4809 6
4809 4810 4
4810 4811 7
4811 4812 6
4812 4813 4
4813 4814 7
4814 4815 5
4815 4816 2
4816 4817 3
4817 4818 6
4818 4703 4
4703 4819 5
4819 4820 2
4820 4821 17
4821 4822 7
4822 4823 9
4823 4824 12
4824 4825 13
4825 4826 15
4826 4827 16
4827 4828 21
4829 4830 3
4830 4831 4
4831 4832 3
4832 4757 5
4492 4833 1
4833 4834 2
4834 4835 1
4835 4836 2
4836 4837 1
4837 4838 3
4838 4839 2
4839 4840 1
4840 4841 2
4841 4842 2
4842 4829 1
4833 4843 1
4843 4844 1
4844 4845 1
4845 4846 4
4846 4800 4
4800 4847 5
4847 4848 2
4848 4849 3
4849 4850 1
4850 4851 1
4492 4852 1
4852 4853 2
4853 4854 2
4854 4855 3
4855 4856 2
4856 4857 2
4857 4858 2
4858 4859 2
4859 4860 3
4860 4861 4
4861 4862 3
4564 4863 3
4863 4864 3
4864 4563 4
4563 4865 2
4865 4866 4
4866 4867 1
4867 4868 2
4868 4869 3
4869 4870 1
4870 4871 1
4871 4872 2
4872 4873 2
4492 4874 2
4874 4564 6
4563 4875 3
4875 4876 6
4876 4562 5
4877 4878 1
4878 4879 1
4879 4880 2
4880 4881 2
4881 4882 3
4492 4883 4
4883 4884 2
4884 4885 4
4885 4886 3
4886 4887 2
4887 4888 2
4888 4877 4
4877 4889 3
4889 4721 4
4721 4890 6
4890 4891 6
4891 4892 5
4892 4893 3
4893 4722 3
4492 4894 3
4894 4895 3
4895 4896 2
4896 4897 2
4897 4898 3
4898 4899 2
4899 4900 1
4900 4901 5
4901 4902 5
4902 4903 7
4903 4904 4
4904 4491 7
4490 4905 12
4905 4449 11
4492 4906 20
4906 4907 11
4907 4908 9
4908 4909 3
4825 4910 4
4910 4911 5
4911 4912 24
4912 4913 7
4913 4914 8
4914 4915 6
4915 4916 4
4916 4917 6
4917 4918 8
4916 4919 4
4919 4920 3
4920 4921 2
4921 4922 7
4922 4923 4
4923 4924 5
4924 4925 3
4925 4926 4
4916 4927 5
4927 4928 1
4928 4929 6
4929 4930 3
4931 4932 2
4932 4933 5
4933 4934 4
4934 4935 3
4935 4936 4
4936 4937 2
4937 4938 3
4938 4939 3
4939 4940 7
4940 4941 3
4941 4942 5
4942 4943 22
4943 4944 12
4944 4945 9
4945 4946 4
4946 4947 4
4947 4948 6
4948 4949 4
4949 4950 5
4950 4862 4
4862 4859 10
4859 4492 16
4862 4951 2
4951 4952 5
4952 4953 4
4947 4954 10
4954 4955 4
4955 4956 3
4381 4957 10
4957 4958 3
4958 4959 4
4959 4960 5
4960 4961 14
4961 4572 11
4572 4962 12
4962 4491 18
4491 4963 13
4963 4964 6
4964 4956 5
4956 4944 21
4572 4965 6
4965 4966 2
4966 4967 4
4903 4968 3
4968 4969 4
4969 4970 5
4971 4972 40
4972 4973 3
4973 4974 5
4974 4975 7
4975 4976 8
4976 4977 3
4977 4978 8
4978 4979 19
4979 4980 4
4980 4981 14
4981 4982 8
4982 4983 4
4983 4820 5
4825 4984 5
4984 4985 5
4985 4986 8
4986 4987 16
4987 4988 12
4988 4978 17
4978 4975 19
4975 4972 15
4980 4989 4
4989 4990 1
4990 4991 2
4991 4992 5
4992 4993 4
4993 4994 3
4994 4995 5
4995 4822 2
4823 4996 1
4996 4997 4
4997 4998 3
4998 4999 2
4971 5000 5
5000 5001 21
5001 5002 8
5002 5003 3
5003 5004 6
5004 5005 8
5005 5006 7
5006 5007 8
5007 5008 5
5008 5009 8
5009 5010 6
5010 5011 7
5011 5012 12
5012 5013 6
5013 5014 7
5009 5015 7
5015 5016 2
5016 5017 4
5017 5018 4
5018 5019 2
5019 5020 1
5020 5021 8
5009 5022 9
5022 5023 5
5023 5024 4
5024 5025 3
5025 5026 8
5026 5027 6
5027 5028 6
5028 5029 4
5029 5030 7
5030 5031 9
4978 5032 3
5032 5033 10
5033 5034 9
5034 5035 6
5035 5036 5
5036 5037 6
5037 5038 9
5038 5009 7
5015 5039 9
5039 5040 8
5040 5041 11
5041 5042 6
5042 5043 5
5043 5044 7
5044 5045 12
5045 5046 6
4828 5047 5
5047 5048 8
5048 5049 4
5049 5050 3
5050 5051 3
5051 5052 4
5052 5053 4
5053 5054 4
5054 5055 9
5055 5056 4
5056 5057 5
5057 5058 4
5058 5059 7
5059 5060 9
5060 5061 5
5061 5062 1
5062 5063 10
5063 5037 9
5015 5064 6
5064 5039 3
5039 5065 3
5065 5066 3
5066 5067 2
5067 5064 5
5064 5068 3
5068 5069 2
5069 5070 3
5070 5071 4
5071 5072 7
5072 5073 2
5074 5075 2
5075 5076 3
5076 5077 5
5077 5078 2
5078 5079 3
5079 5080 3
5080 5081 3
5081 5027 2
5070 5082 2
5000 5074 28
5074 5083 7
5083 5084 7
5084 5085 7
5085 5031 6
5031 5086 6
5086 5087 2
5087 5088 5
5088 5089 5
5089 5090 7
5090 5091 5
5091 5092 4
5031 5093 17
5093 5094 8
5094 5095 5
5095 5096 8
5096 5097 8
5097 5073 7
5073 5098 17
5098 5045 12
5094 5099 3
5099 5100 1
5100 5101 1
5101 5102 2
5102 5103 3
5073 5104 2
5104 5105 2
5105 5106 2
5106 5107 1
5107 5108 2
5108 5109 2
5109 5110 2
5045 5111 3
5111 5112 3
5112 5113 4
5113 5114 5
5114 5115 1
5115 5116 2
5116 5117 10
5117 5118 5
4971 5119 2
5119 5120 3
5120 5121 3
5121 5122 29
5122 5123 3
5123 5124 6
5124 5125 10
5125 5126 3
5126 5127 2
5127 5128 3
5128 5129 3
5129 5130 5
5130 5131 3
5131 5132 2
5132 5133 2
5120 5134 5
5134 5123 28
5123 5135 6
5135 5136 5
5136 5137 4
5137 5138 2
5138 5139 4
5121 5123 26
5136 5140 5
5140 5141 5
5141 5142 3
5142 5143 3
5143 5144 3
5123 5145 6
5145 5146 6
5146 5147 7
5147 5148 1
5148 5149 3
5149 5150 3
5150 5151 4
5151 5031 4
5073 5152 2
5152 5153 3
5153 5154 2
5154 5155 2
5155 5156 1
5156 5157 2
4971 5158 7
5158 5159 30
5159 5160 14
5160 5161 8
5161 5162 7
5162 5163 6
5163 5164 6
5164 5165 5
5165 5166 6
5166 5167 9
5167 5168 11
5168 5169 6
5158 5170 19
5170 5159 11
5159 5171 5
5171 5172 4
5172 5173 6
5173 5174 5
5174 5175 4
5175 5176 2
5176 5177 6
5160 5178 6
5178 5179 3
5179 5180 5
5180 5181 5
5181 5182 1
5182 5183 2
5163 5184 1
5184 5185 2
5185 5186 2
5186 5187 4
5187 5188 2
5188 5189 2
5189 5190 1
5190 5191 2
5191 5192 4
5192 5193 3
5158 5194 32
5194 5195 14
5195 5196 12
5196 5197 19
5197 5198 5
5198 5199 18
5199 5200 19
5200 5201 10
5201 5202 11
5202 5203 16
5203 5204 13
5204 5205 10
5205 4261 6
4261 4129 23
4931 5206 1
5206 5207 3
5207 5208 3
5208 5209 5
5209 5210 11
5210 5196 17
5196 5211 8
5211 5212 11
5212 5213 6
5213 5214 7
5214 5215 6
5215 4287 8
4287 5216 15
5216 5217 7
5217 5218 10
5218 4259 11
4259 4261 19
5219 5220 8
5220 5221 5
5221 5222 5
5222 5223 6
5223 5224 5
5224 5225 1
5225 5226 4
5226 5198 3
4287 5227 13
5227 5228 9
5228 5229 10
5229 5200 3
5202 5230 4
5230 5231 4
5231 5232 3
5232 5233 4
5233 5234 2
5234 5235 4
5200 5236 2
5236 5237 2
5237 5238 3
5238 5239 1
5239 5240 4
5240 5241 2
5241 5242 4
5242 5243 2
5243 5244 2
5244 5245 2
5245 5246 5
5246 5247 2
5247 5248 2
5248 5249 2
5249 5250 4
5250 5251 2
5251 5252 2
5252 5253 4
5253 5254 2
5254 5255 1
5255 5256 3
5256 5257 5
5257 5258 2
5258 5259 2
5259 5260 3
5260 5261 4
5261 5262 3
5262 5263 9
5263 5264 8
5264 5167 5
4278 5265 22
5265 5266 3
5266 5267 3
5267 5268 3
5268 5269 2
5269 5270 4
5270 5271 5
5271 5272 2
5272 5273 2
5273 5274 3
5274 5275 2
5275 5276 2
5276 5277 2
5277 5278 3
5278 5279 2
5279 5280 3
5280 5281 2
5281 5282 2
5282 5283 3
5283 5284 3
5284 5212 4
5214 4287 14
5158 5285 24
5285 5286 6
5286 5287 3
5287 5288 6
5288 5289 6
5289 5290 5
5290 5291 3
5291 4931 2
4932 5292 4
5292 5293 2
5293 5294 4
5294 5295 5
5295 5296 2
5296 5297 9
5297 5298 10
5298 5299 5
5299 5300 3
5300 5301 3
5301 5302 4
5302 5265 9
5265 5303 5
5303 5304 7
5304 4278 10
5290 5305 3
5305 5306 8
5306 5307 4
5307 5308 6
5308 5309 6
5309 5310 10
5310 4909 25
4931 5290 5
5288 5311 2
5311 5312 4
5312 5313 3
5313 5314 5
5314 5194 7
5194 5315 2
5315 5316 7
5316 5317 3
5317 5318 4
5318 5319 2
5319 5320 2
5320 5321 5
5321 5160 8
5209 5322 4
5322 5323 6
5323 5324 3
5324 5195 10
5195 5325 4
5325 5326 1
5211 5327 5
4944 5328 7
5328 5329 5
5329 5330 7
5330 5331 10
5331 5332 5
5332 5333 5
5333 5334 4
5334 5335 4
5335 4908 6
4909 5336 9
5336 5337 12
5337 5338 10
5338 5339 6
5339 5340 4
5340 5341 4
5341 5342 18
5342 4971 18
5331 5343 1
5343 5344 2
5344 5345 2
5265 5346 14
5346 5347 5
5347 5348 5
5348 5349 7
5349 5350 5
5350 5351 2
5351 5352 5
5352 4942 7
4942 5353 9
5353 5354 4
5354 5355 7
5355 5356 2
5356 5357 4
5357 5358 6
5358 5359 6
5359 5360 6
5360 4909 9
4909 5361 11
5361 5362 3
5362 5363 6
5363 5364 8
5364 5365 6
5365 5366 15
5366 5367 6
5367 5368 2
5368 5369 2
5369 5370 9
5370 4818 2
4483 4485 5
4485 5371 5
5371 5372 4
5372 5373 11
5373 5374 4
5374 5375 3
5375 5376 5
5376 5377 9
5377 5378 4
5378 5379 5
5379 5380 3
5380 5381 3
5381 4942 5
4972 5382 4
5382 5383 6
5384 5385 2
5385 5383 8
5383 5386 4
5386 5387 3
5387 5388 2
5388 5389 2
5389 5390 5
5390 5391 2
5391 5392 3
5392 5393 4
5393 5119 3
5119 5394 1
5394 5395 1
5395 5396 1
5396 5397 1
5397 5398 1
5398 5399 1
5399 5000 1
5341 5400 6
5400 5401 3
5401 5402 5
5402 5342 4
5342 5403 5
5403 5404 2
5404 5405 2
5405 5406 1
5406 5393 3
5000 5407 1
5407 5408 1
5408 5409 4
5409 5410 4
5410 5411 2
5411 5412 2
5412 5413 2
5413 5001 5
5001 5414 3
5414 5415 3
5415 5416 4
5416 5417 2
5417 5418 2
5119 5419 1
5419 5120 2
5120 5420 1
5420 5121 2
5121 5134 2
5134 5421 29
5342 5422 1
5422 5423 5
5423 5424 3
5424 5425 3
5425 5426 4
5426 5427 3
5427 5428 4
5428 5429 3
5429 5430 4
5285 5431 3
5431 5432 3
5432 5433 3
5433 5434 1
5434 5435 1
5435 5436 3
5436 5437 4
5437 5438 3
5438 5158 3
5158 5393 3
5408 5439 3
5439 5440 3
5440 5441 3
5441 5442 3
5442 5443 2
5443 5444 4
5444 5445 2
5445 5446 2
5446 5074 5
5447 5448 5
5448 5449 2
5449 5450 4
5450 5451 4
5451 5452 1
5452 5453 2
5453 5454 4
5454 5455 2
5455 5456 3
5456 5457 2
5457 5158 1
5000 5458 1
5458 5459 1
5459 5460 2
5460 5461 2
5461 5462 2
5462 5463 2
5463 5464 2
5464 5421 2
5421 5465 8
5465 5122 7
5159 5466 5
5466 5467 2
5467 5170 5
5170 5468 1
5468 5469 8
5469 5470 3
5470 5471 2
5471 5472 2
5472 5473 1
5473 5457 2
5459 5474 3
5474 5475 1
5475 5476 2
5476 5477 2
5477 5478 2
5478 5479 2
5479 5480 2
5480 5481 3
5481 5482 4
5482 5483 1
5483 5484 2
5484 5145 4
5485 5486 4
5486 5487 3
5487 5488 2
5488 5489 4
5489 5490 2
5490 5491 2
5491 5492 2
5492 5493 2
5493 5134 1
5194 5494 3
5494 5495 7
5495 5496 4
5496 5497 3
5497 5498 3
5498 5499 5
5499 5500 2
5500 5501 5
5501 5502 1
5502 5158 3
5407 5503 3
5503 5504 1
5504 5505 1
5505 5506 2
5506 5507 5
5507 5508 10
5508 5385 6
1517 1644 93
2315 2358 51
5509 5510 5
5510 5511 5
5511 5512 3
5512 5513 2
5513 2946 1
5514 5515 2
5515 5516 3
5516 5517 1
5517 5518 4
5518 5519 1
4632 5520 3
5520 5521 2
5521 5522 3
5522 5523 4
5523 5524 2
5524 5525 2
5526 5527 5
5527 5528 4
5528 5529 2
4828 5530 15
5530 5531 5
5531 5532 4
5532 5533 6
5533 5534 8
5534 5535 11
4912 5536 8
5536 5537 7
5537 5538 5
5538 5539 6
5539 5540 3
5540 5541 6
5541 5542 4
5542 5543 6
5543 5544 5
4981 5545 4
5545 5546 7
5091 5547 5
5093 5548 3
5548 5549 3
5549 5550 4
5550 5551 4
5551 5552 2
5552 5553 2
5292 5554 2
5554 5555 4
5555 5295 5
5376 5556 15
5556 5557 8
5557 5558 7
5558 5559 12
5559 4490 12
5376 5560 13
5560 5561 12
5561 4956 14
