1 2 3 0 0
2 3 2 0 0
3 4 8 0 0
4 5 4 0
5 6 2 0
7 8 2 0
8 9 1 0
10 11 2 0
4 10 4 0
10 12 9 0
12 13 5 0
13 14 7 0
14 15 8 0
15 16 4 0
16 17 5 0
17 18 2 0
18 19 7 0
19 20 4 0
20 21 3 0
12 22 5 0
22 23 4 0
23 24 4 0
24 25 4 0
25 26 5 0
26 27 5 0
27 28 3 0
28 29 5 0
12 30 4 0
30 31 2 0
31 32 4 0
32 33 4 0
19 34 6 0
34 35 2 0
35 36 6 0
36 37 5 0
37 38 3 0
38 39 4 0
39 40 2 0
37 41 3 0
19 42 2 0
42 43 6 0
43 44 4 0
44 45 6 0
45 46 5 0
46 47 5 0
47 48 4 0
48 49 2 0
49 50 5 0
50 51 4 0
51 52 3 0
52 53 3 0
53 54 4 0
54 55 2 0
55 56 4 0
56 57 4 0
57 58 1 0
58 59 4 0
60 61 2 0
61 62 4 0
62 63 3 0
63 64 2 0
64 48 1 0
67 68 2 0 0
68 66 4 0
80 81 8 0
1 65 4 0 0
65 66 3 0
66 69 6 0
69 70 3 0
70 71 3 0
71 72 7 0
72 73 8 0
73 74 3 0
74 59 9 0
59 75 9 0
75 76 8 0
76 77 4 0
77 78 4 0
78 79 2 0
79 80 8 0
80 82 6 0
82 83 4 0
83 84 2 0
84 85 6 0
85 86 7 0
86 87 5 0
87 88 6 0
88 89 4 0
89 90 3 0
90 91 4 0
91 92 4 0
92 93 5 0
93 94 7 0
94 95 2 0
95 96 3 0
96 97 3 0
97 98 4 0
98 99 3 0
99 100 2 0
100 101 4 0
101 102 6 0
102 103 5 0
103 104 4 0
104 105 4 0
105 106 2 0
106 107 4 0
107 108 4 0
108 109 2 0
109 110 7 0
85 111 5 0
111 112 5 0
112 113 2 0
113 114 2 0
114 115 6 0
115 116 6 0
116 117 4 0
117 118 6 0
118 119 3 0
119 120 3 0
120 121 2 0
121 122 1 0
92 123 1 0
123 124 1 0
124 125 2 0
125 126 1 0
126 127 1 0
92 128 4 0 0
128 129 4 0
129 130 4 0
128 131 2 0
131 132 2 0
132 133 3 0
133 134 3 0
134 135 1 0
135 136 1 0
136 137 2 0
137 138 3 0
99 139 2 0
139 140 1 0
140 141 4 0
141 142 4 0
142 143 2 0
143 144 3 0
144 145 4 0
145 146 1 0
110 147 2 0
147 148 3 0
148 149 1 0
149 150 1 0
150 151 3 0
151 152 3 0
152 153 2 0
153 154 1 0
154 155 2 0
155 156 1 0
156 157 2 0
110 158 5 0
158 159 2 0
159 160 3 0
160 161 5 0
161 162 2 0
162 163 2 0
163 164 5 0
164 165 5 0
165 166 1 0
166 167 4 0
167 168 3 0
166 169 1 0
169 170 2 0
170 171 1 0
171 172 3 0
172 173 2 0
173 174 2 0
174 175 3 0
175 176 4 0
176 177 3 0
177 178 3 0
178 179 2 0
166 180 4 0
180 181 3 0
181 182 3 0
182 183 1 0
183 184 1 0
184 185 2 0
185 186 2 0
186 187 1 0
187 188 3 0
188 189 1 0
68 190 5 0
204 205 8 0
65 190 6 0
190 191 4 0
191 192 4 0
192 193 4 0
193 194 4 0
194 195 3 0
195 196 7 0
196 197 6 0
197 198 7 0
198 199 6 0
199 200 5 0
200 201 6 0
201 202 7 0
202 203 4 0
203 204 4 0
204 206 4 0
206 207 6 0
207 208 6 0
208 209 6 0
209 210 8 0
210 211 6 0
211 212 4 0
212 213 8 0
213 214 6 0
214 215 12 0
215 216 2 0
216 217 1 0
223 224 5 0
67 218 8 0
218 219 4 0
219 220 2 0
220 221 2 0
221 222 5 0
222 223 1 0
223 225 2 0
225 226 2 0
226 227 4 0
227 228 4 0
228 229 2 0
229 230 3 0
230 231 3 0
231 232 4 0
232 233 3 0
233 234 4 0
234 235 8 0
235 236 4 0
236 237 4 0
237 238 4 0
238 239 4 0
239 240 4 0
240 241 2 0
241 242 6 0
242 243 3 0
243 244 3 0
1 67 5 0
67 245 6 0
245 7 6 0
7 246 11 0
246 247 4 0
247 248 1 0
59 252 8 0
252 251 7 0
76 249 8 0
249 250 5 0
250 251 4 0
251 253 7 0
253 198 6 0
200 254 3 0
254 255 2 0
255 256 4 0
256 257 2 0
257 258 6 0
258 259 2 0
244 263 1 0
263 264 1 0
207 260 8 0
260 261 6 0
261 262 8 0
262 244 7 0
244 265 4 0
265 266 1 0
244 267 3 0
267 268 2 0
268 269 5 0
269 270 2 0
270 271 2 0
271 272 2 0
272 273 5 0
273 274 5 0
288 287 5 0
207 275 6 0 0
275 205 4 0 0
205 276 4 0
276 277 4 0
277 278 4 0
278 279 3 0
279 280 4 0
280 281 3 0
281 282 4 0
282 283 2 0
283 284 2 0
284 285 3 0
285 286 2 0
286 287 2 0
287 289 4 0
289 290 2 0
290 291 2 0
291 292 2 0
292 293 2 0
293 294 3 0
294 295 3 0
295 296 4 0
296 297 4 0
297 298 3 0
298 299 3 0
299 300 2 0
300 301 4 0
301 302 1 0
302 303 2 0
303 304 2 0
304 305 4 0
305 306 3 0
306 307 3 0
307 308 4 0
308 309 5 0
309 310 4 0
76 311 2 0
311 312 3 0
312 313 7 0
313 314 2 0
314 315 4 0
315 316 3 0
316 288 3 0
288 317 2 0
317 285 2 0
285 318 3 0
318 319 6 0
319 320 5 0
320 321 6 0
321 322 2 0
322 323 4 0
323 324 7 0
324 325 3 0
325 326 5 0
326 327 4 0
327 328 3 0
328 329 5 0
329 330 2 0
288 331 1 0
331 332 2 0
332 333 1 0
333 334 3 0
334 335 1 0
335 336 2 0
336 337 1 0
337 338 3 0
338 339 2 0
339 340 4 0
90 341 2 0
341 342 4 0
342 343 3 0
343 344 7 0
344 345 5 0
345 346 4 0
346 347 5 0
347 348 3 0
348 349 2 0
349 350 4 0
350 351 2 0
351 352 3 0
352 299 5 0
310 353 5 0
353 354 3 0
354 355 3 0
356 357 6 0
357 358 5 0
358 359 3 0
359 360 4 0
360 361 6 0
361 362 1 0
362 363 3 0
363 310 9 0
205 364 3 0
364 365 3 0
365 366 3 0
366 367 3 0
367 368 3 0
368 369 4 0
369 370 3 0
370 371 3 0
371 372 2 0
372 373 1 0
373 374 4 0
374 375 4 0
375 376 7 0
376 377 4 0
377 378 5 0
378 379 1 0
379 330 2 0
330 380 2 0
380 381 2 0
381 382 6 0
382 383 5 0
383 384 4 0
384 385 2 0
385 386 1 0
386 387 3 0
387 388 1 0
388 389 5 0
389 390 3 0
390 391 3 0
391 392 4 0
392 393 2 0
393 394 4 0
394 395 2 0
395 396 2 0
396 397 3 0
397 398 5 0
398 399 6 0
324 412 4 0
214 413 7 0
413 414 5 0
414 415 3 0
415 416 2 0
416 417 3 0
417 418 2 0
418 419 4 0
419 420 4 0
420 421 9 0
421 422 6 0
422 423 2 0
423 376 5 0
399 425 8 0
425 426 2 0
426 427 2 0
427 428 1 0
428 429 6 0
429 430 2 0
430 431 4 0
431 432 7 0
432 433 2 0
433 434 2 0
434 435 4 0
435 436 4 0
436 437 2 0
437 438 8 0
438 439 1 0
439 440 3 0
440 441 2 0
441 442 2 0
442 443 4 0
443 444 3 0
444 424 5 0
424 445 83 0
445 446 6 0
446 447 4 0
447 448 3 0
448 449 5 0
449 417 5 0
397 450 8 0
450 451 5 0
451 452 2 0
452 453 3 0
453 454 2 0
488 489 1 0
489 490 1 0
511 512 1 0
512 513 1 0
399 455 2 0
455 456 1 0
456 457 8 0
457 458 2 0
458 459 2 0
459 460 4 0
460 461 4 0
461 462 3 0
462 463 3 0
463 464 5 0
464 465 3 0
465 466 3 0
466 467 2 0
467 468 3 0
468 469 4 0
469 470 5 0
470 471 6 0
471 472 4 0
472 473 4 0
473 474 1 0
474 475 5 0
475 476 2 0
476 477 2 0
477 478 4 0
478 479 6 0
479 480 3 0
480 481 3 0
481 482 1 0
482 483 3 0
483 484 7 0
484 485 3 0
485 486 2 0
486 487 4 0
487 488 4 0
488 491 3 0
491 492 2 0
492 493 2 0
493 494 4 0
494 495 4 0
495 496 3 0
496 497 3 0
497 498 2 0
498 499 2 0
499 500 3 0
500 501 3 0
501 502 2 0
502 503 3 0
503 504 4 0
504 505 4 0
505 506 3 0
506 507 4 0
507 508 8 0
508 509 7 0
509 510 5 0
510 511 4 0
511 514 5 0
514 515 4 0
515 516 2 0
516 517 3 0
517 518 2 0
518 519 4 0
519 520 2 0
520 521 3 0
521 522 4 0
522 523 6 0
523 524 3 0
524 525 2 0
470 526 4 0
526 527 3 0
527 528 2 0
528 529 2 0
529 530 2 0
530 531 3 0
531 532 5 0
532 533 5 0
533 534 2 0
534 535 1 0
535 536 5 0
536 537 4 0
537 538 3 0
470 539 2 0
539 540 5 0
540 541 2 0
541 542 4 0
542 543 3 0
543 544 3 0
544 545 3 0
545 546 3 0
546 547 4 0
547 548 4 0
548 549 3 0
549 550 5 0
551 552 1 0
552 553 2 0
553 554 3 0
554 542 4 0
474 555 3 0
555 556 3 0
556 557 4 0
557 558 2 0
558 559 1 0
501 560 4 0
560 561 8 0
561 562 3 0
562 563 2 0
563 564 4 0
564 565 2 0
565 566 2 0
566 567 2 0
567 568 2 0
568 569 3 0
569 570 5 0
570 571 4 0
501 572 5 0
572 573 2 0
573 574 6 0
574 575 1 0
575 576 2 0
576 577 2 0
577 578 3 0
578 579 2 0
579 580 1 0
505 581 2 0
581 582 1 0
582 583 2 0
583 584 3 0
584 585 2 0
585 586 4 0
586 587 2 0
587 588 1 0
588 589 2 0
589 590 2 0
590 591 3 0
591 592 2 0
515 593 1 0
593 594 4 0
594 595 5 0
595 596 3 0
596 597 2 0
525 524 2 0 0
524 523 3 0
523 598 4 0
598 599 2 0
599 600 2 0
600 601 2 0
601 602 4 0
602 603 2 0
603 604 2 0
604 605 1 0
606 607 3 0
607 608 4 0
608 609 4 0
609 610 4 0
610 611 5 0
611 612 3 0
612 613 3 0
613 614 3 0
614 615 1 0
615 616 6 0
616 617 6 0
617 618 7 0
618 619 6 0
619 620 2 0
620 621 6 0
621 622 7 0
622 623 5 0
623 624 1 0
624 625 2 0
625 626 6 0
626 627 2 0
627 628 2 0
628 629 2 0
629 630 5 0
630 399 1 0
399 398 6 0
398 397 5 0
397 631 4 0
631 632 5 0
632 633 6 0
633 634 2 0
634 635 9 0
635 636 10 0
636 637 5 0
637 356 5 0
356 638 4 0
638 615 5 0
615 614 1 0
623 639 5 0
639 640 1 0
640 641 4 0
641 642 4 0
642 643 1 0
643 644 3 0
644 645 2 0
645 646 4 0
646 647 2 0
647 648 3 0
648 649 3 0
649 650 2 0
650 651 3 0
651 652 1 0
652 653 5 0
653 654 2 0
654 655 3 0
655 656 1 0
656 657 5 0
657 658 1 0
658 659 5 0
659 660 4 0
660 661 3 0
661 662 2 0
662 663 1 0
663 664 1 0
664 665 1 0
665 666 4 0
666 667 1 0
667 668 3 0
668 669 1 0
669 670 5 0
670 671 6 0
671 672 2 0
672 673 7 0
673 674 5 0
674 675 4 0
675 676 4 0
676 677 2 0
677 678 1 0
678 679 1 0
679 680 3 0
680 681 4 0
681 682 6 0
682 683 3 0
683 684 5 0
684 685 5 0
685 686 4 0
686 687 3 0
687 688 5 0
688 689 4 0
689 690 3 0
690 691 1 0
691 692 2 0
692 693 4 0
693 694 1 0
694 695 2 0
695 696 2 0
696 697 4 0
483 698 1 0
698 699 4 0
699 700 2 0
700 701 4 0
701 702 5 0
702 703 3 0
703 704 2 0
704 705 1 0
705 706 2 0
706 707 2 0
707 708 1 0
708 709 4 0
709 710 2 0
710 711 2 0
711 712 3 0
712 713 2 0
713 714 1 0
714 715 3 0
715 716 4 0
716 717 1 0
717 718 7 0
718 719 5 0
719 720 4 0
720 721 2 0
721 722 2 0
722 723 4 0
723 655 4 0
655 654 3 0
654 653 2 0
701 724 9 0
724 725 2 0
725 726 3 0
726 727 4 0
727 728 1 0
728 729 3 0
729 730 4 0
730 544 4 0
110 731 3 0
731 732 5 0
732 733 4 0
733 606 9 0
606 734 2 0
734 735 3 0
735 736 4 0
736 737 3 0
737 738 2 0
738 739 4 0
739 740 3 0
740 741 2 0
741 742 3 0
742 743 5 0
743 744 3 0
744 745 2 0
745 746 3 0
746 747 5 0
747 748 8 0
748 749 3 0
749 750 7 0
750 751 4 0
751 752 4 0
752 753 3 0
753 754 5 0
754 755 11 0
755 756 6 0
756 757 6 0
757 758 3 0
758 759 5 0
759 760 4 0
760 761 7 0
761 762 5 0
762 763 5 0
763 764 3 0
764 765 5 0
765 766 1 0
766 767 4 0
767 768 3 0
768 769 5 0
769 770 4 0
770 771 3 0
771 772 3 0
772 773 1 0
773 774 2 0
774 775 4 0
775 776 8 0
776 777 3 0
777 778 2 0
778 697 5 0
697 779 2 0
779 780 5 0
780 781 2 0
781 782 3 0
782 783 7 0
783 784 2 0
784 785 5 0
785 786 5 0
786 525 4 0
739 787 3 0
787 788 5 0
788 789 3 0
789 790 2 0
790 791 2 0
791 792 2 0
792 793 2 0
793 794 1 0
794 795 3 0
795 796 4 0
796 797 1 0
797 798 2 0
798 799 3 0
799 800 2 0
800 801 4 0
801 802 3 0
802 803 4 0
803 804 2 0
804 805 3 0
805 806 5 0
757 807 2 0
807 808 3 0
761 809 5 0
809 810 3 0
810 811 2 0
811 812 1 0
812 813 2 0
813 814 1 0
814 815 1 0
815 816 1 0
816 817 1 0
817 818 2 0
818 819 1 0
819 820 2 0
820 821 5 0
821 808 2 0
813 822 1 0
822 823 1 0
823 824 1 0
824 825 1 0
825 826 2 0
829 830 3 0
830 831 2 0
831 826 4 0
837 838 4 0
761 827 1 0
827 828 3 0
828 829 4 0
829 832 1 0
832 833 1 0
833 834 4 0
834 835 1 0
835 836 2 0
836 837 2 0
837 839 2 0
839 840 5 0
840 841 1 0
841 842 2 0
842 843 2 0
843 844 5 0
844 845 4 0
845 846 4 0
846 847 4 0
847 848 5 0
848 849 3 0
849 850 4 0
768 851 5 0
851 852 3 0
852 853 5 0
775 854 1 0
854 855 2 0
855 856 2 0
856 857 4 0
525 786 4 0
786 785 5 0
785 784 5 0
784 783 2 0
783 858 3 0
858 859 1 0
859 860 3 0
860 861 1 0
861 862 2 0
862 863 4 0
863 864 3 0
864 865 2 0
865 866 7 0
866 867 6 0
867 868 4 0
868 869 2 0
869 870 4 0
870 871 2 0
871 872 2 0
872 873 3 0
873 874 3 0
874 875 5 0
875 876 5 0
876 877 5 0
877 878 2 0
878 850 3 0
850 879 2 0
879 880 4 0
880 881 1 0
888 889 3 0
889 890 8 0
890 891 8 0
895 896 1 0
896 897 1 0
524 882 5 0
882 883 8 0
883 884 2 0
884 885 2 0
885 886 3 0
886 887 7 0
887 888 5 0
888 892 6 0
892 893 8 0
893 894 7 0
894 895 7 0
895 898 4 0
898 899 4 0
899 900 3 0
900 901 8 0
901 902 7 0
902 903 2 0
903 904 3 0
904 905 1 0
905 906 1 0
906 907 4 0
893 908 1 0
908 909 4 0
909 910 6 0
910 911 2 0
911 891 7 0
891 912 6 0
912 913 5 0
913 914 2 0
914 915 4 0
915 916 3 0
916 917 6 0
917 918 3 0
918 919 3 0
919 920 3 0
920 921 4 0 0
921 922 5 0 0
922 923 1 0 0
923 924 4 0
924 925 1 0
925 926 4 0
926 927 3 0
927 928 3 0
928 929 2 0
929 930 3 0
930 931 5 0
931 932 2 0
932 933 2 0
933 934 2 0
934 935 2 0
935 936 3 0
936 937 1 0
937 938 3 0
938 939 2 0
939 940 4 0
940 941 5 0
941 942 3 0
942 943 1 0
943 944 3 0
891 945 1 0
945 946 3 0
946 947 1 0
947 948 4 0
948 949 3 0
949 950 3 0
950 951 3 0
951 952 5 0
952 953 4 0
953 954 3 0
954 955 2 0
864 956 4 0 0
956 957 3 0 0
957 958 3 0 0
958 959 3 0
959 960 4 0
960 961 5 0
961 962 4 0
962 963 1 0
963 964 2 0
964 965 3 0
965 966 4 0
966 967 3 0
967 968 3 0
968 955 4 0
955 969 3 0
969 970 2 0
970 971 2 0
971 920 8 0
958 972 4 0
972 973 3 0
973 974 1 0
974 975 1 0
975 976 6 0
976 977 3 0
977 978 4 0
978 979 2 0
979 980 3 0
980 981 3 0
981 982 5 0
990 991 3 0
991 992 3 0
923 993 4 0
993 994 2 0
994 995 1 0
995 996 3 0
996 997 1 0
997 998 1 0
998 999 4 0
999 1000 2 0
1000 1001 2 0
1001 1002 2 0
1002 1003 4 0
