1 2 5 0 0 0
2 3 2 0 0 0 0 0 0 0
3 4 16 0
4 5 5 0
5 6 2 0 0
6 7 14 0 0
7 8 3 0 0
8 9 7 0 0
9 10 7 0
10 11 7 0
11 12 14 0
12 13 8 0
13 14 11 0
14 15 2 0
15 16 8 0
16 17 4 0
17 18 7 0
18 19 6 0
19 20 1 0
20 21 1 0
21 22 11 0
22 23 5 0
23 24 7 0 0
24 25 11 0 0
25 26 23 0 0
26 27 14 0
27 28 16 0
29 30 3 0
30 31 3 0
31 32 1 0
32 33 2 0
33 34 2 0 0
34 35 1 0 0
35 36 2 0 0
36 37 2 0 0
37 1 2 0 0
1 38 1 0 0
38 39 1 0 0
39 40 1 0 0
40 41 1 0 0
41 42 1 0 0
42 3 1 0 0
3 43 1 0 0 0 0
43 44 2 0 0
44 45 1 0 0
45 46 1 0 0
46 47 0 0 0
47 48 2 0 0
48 49 1 0 0
49 50 2 0 0
50 51 1 0 0
51 52 2 0 0
52 53 1 0 0
53 54 1 0 0
54 55 2 0 0
1 56 3 0 0 0
56 57 2 0 0 0 0
57 2 1 0 0 0 0
43 58 30 0 0
58 59 2 0 0
59 60 2 0 0
60 61 3 0 0
61 62 2 0 0
62 63 2 0 0
63 4 2 0 0
64 65 1 0 0
65 66 1 0 0
66 67 2 0 0
67 68 1 0 0
68 56 1 0
4 69 3 0
69 70 2 0
70 5 2 0
71 72 1 0
72 73 2 0
73 74 3 0
74 64 2 0
68 1 2 0
3 75 1 0 0
75 76 3 0 0
76 77 3 0 0
77 78 5 0 0
78 79 1 0 0
79 80 1 0 0
80 81 6 0 0
81 82 2 0 0
82 83 2 0
83 84 3 0
84 85 6 0
85 86 4 0
86 87 5 0
87 88 4 0
88 89 3 0
89 90 5 0
1 71 15 0 0
71 91 3 0 0
91 92 4 0 0
92 93 8 0 0
93 94 12 0 0
94 95 4 0 0
95 96 7 0 0
96 97 6 0 0
97 98 5 0 0
3 45 4 0
45 99 2 0
99 100 3 0
100 101 3 0
101 102 9 0
102 103 8 0
103 104 5 0
104 105 6 0
105 106 8 0
106 107 15 0
107 108 10 0
108 109 8 0
109 110 2 0
110 111 1 0
3 78 12 0 0
78 112 4 0
112 113 3 0
113 114 4 0
114 115 3 0
115 116 4 0
116 117 7 0
117 118 7 0
118 119 5 0
119 120 13 0
120 121 10 0
121 122 13 0
122 123 10 0
123 124 13 0
124 125 11 0
125 126 18 0
126 127 19 0
127 128 5 0
128 129 6 0
129 130 11 0 0
119 131 5 0
131 132 7 0
132 133 5 0
133 134 6 0
134 135 4 0
135 136 6 0
136 137 4 0
137 138 10 0
138 139 6 0
122 140 9 0
140 141 5 0
141 142 8 0
142 143 12 0
143 144 6 0
144 145 4 0
145 146 3 0
146 147 3 0
147 148 6 0
148 149 5 0
149 150 5 0
150 151 3 0
151 152 8 0
152 153 4 0
153 154 14 0
154 155 4 0
156 157 17 0
157 158 12 0
158 159 27 0
159 160 18 0
160 161 18 0
161 162 12 0
162 163 10 0
163 122 12 0
78 164 8 0
164 165 6 0
165 166 6 0
166 167 5 0
167 168 6 0
168 169 14 0
169 170 6 0
170 171 10 0
171 172 9 0
172 173 8 0
173 174 8 0
174 175 6 0
175 156 11 0
176 177 14 0
177 178 12 0
178 179 4 0
179 180 8 0
180 181 6 0
181 182 6 0
182 183 4 0
183 90 8 0
90 89 5 0
89 88 3 0
88 87 4 0
87 86 5 0
86 85 4 0
85 84 6 0
84 83 3 0
83 82 2 0
82 81 2 0
81 80 6 0
80 79 1 0
79 78 1 0
78 77 5 0
77 76 3 0
76 75 3 0
75 3 1 0
85 184 75 0
184 185 3 0
166 186 2 0
186 187 4 0
187 188 2 0
188 189 3 0
189 190 7 0
190 191 9 0
191 192 4 0
192 193 7 0
193 194 3 0
194 160 4 0
160 195 11 0
195 196 7 0
196 197 8 0
197 198 11 0
198 199 4 0
199 200 3 0
200 201 4 0
201 202 9 0
202 203 5 0
203 204 4 0 0
204 129 7 0
171 205 27 0
205 206 7 0
206 207 8 0
207 208 16 0 0
208 209 21 0
209 210 16 0
210 211 16 0
176 212 12 0
212 213 11 0
213 214 6 0
214 215 11 0
215 185 3 0
185 184 4 0
184 216 5 0
216 217 7 0
217 218 5 0
218 219 7 0
219 220 7 0
220 221 7 0
221 222 5 0
222 223 4 0
223 224 4 0 0
224 225 5 0 0
225 156 3 0 0
226 227 1 0
227 228 2 0
228 229 1 0
229 223 1 0
156 230 5 0 0
230 231 4 0 0
231 157 6 0 0
157 232 4 0 0
232 233 3 0 0
233 158 6 0 0
158 205 7 0 0
98 234 10 0
234 235 17 0
235 236 10 0
236 237 10 0
237 238 13 0
238 239 17 0
239 240 6 0
240 241 11 0
241 242 19 0
242 243 7 0
243 244 14 0
244 245 13 0
245 246 18 0
246 247 4 0
247 248 4 0
249 250 15 0
250 251 25 0
251 252 11 0
252 253 13 0
253 254 11 0
254 255 12 0
255 256 9 0
256 257 5 0
249 258 3 0
258 259 4 0
259 260 7 0
260 261 9 0
261 262 6 0
262 263 2 0
263 264 5 0
264 265 4 0
265 266 4 0
266 267 5 0
267 268 8 0
268 238 6 0
238 269 8 0
269 270 4 0
270 271 2 0
271 272 2 0
272 273 2 0
273 274 6 0
241 254 26 0
254 253 11 0
253 252 13 0
252 251 11 0
251 275 23 0
275 276 17 0
241 277 12 0
277 278 3 0
278 279 6 0
279 280 5 0
280 281 3 0
281 282 3 0
282 283 2 0
283 284 3 0
284 285 4 0
285 286 3 0
107 287 6 0 0
287 288 10 0
288 289 3 0
289 290 4 0
290 291 3 0
291 292 4 0
292 293 17 0
293 294 7 0
294 295 18 0
295 296 18 0
249 297 16 0
297 298 3 0
298 299 4 0
299 300 3 0
300 301 4 0
301 302 17 0
302 303 7 0
303 105 18 0
119 304 12 0
304 305 4 0
305 9 3 0
9 306 4 0
306 307 3 0
307 308 4 0
308 107 17 0
287 309 10 0
309 310 3 0
310 311 4 0
311 312 3 0
312 313 4 0
313 314 17 0
314 315 7 0
315 316 18 0
316 276 8 0
276 317 3 0
317 318 13 0
318 319 3 0
319 320 4 0
320 321 3 0
321 322 4 0
322 323 17 0
323 324 7 0
324 257 18 0
325 326 5 0
326 327 11 0
327 328 3 0
328 329 4 0
329 330 3 0
330 331 4 0
331 332 17 0
332 21 7 0
21 20 18 0 0
14 341 12 0
341 342 3 0
342 343 4 0
343 344 3 0
344 345 4 0
345 346 17 0
346 347 7 0
347 340 18 0
362 363 8 0
363 364 8 0
364 365 3 0
389 390 6 0
390 391 5 0
391 392 6 0
392 393 7 0
393 394 3 0
394 395 3 0
395 396 0 0
107 366 6 0
366 367 4 0
367 368 4 0
368 369 8 0
369 370 10 0
370 371 7 0
371 372 8 0
372 373 6 0
373 23 9 0
26 374 14 0
374 375 3 0
375 376 12 0
376 377 8 0
377 378 6 0
378 379 14 0
379 380 11 0
380 381 15 0
381 382 4 0
382 383 14 0
383 384 7 0
384 385 10 0
385 386 5 0
386 387 12 0
387 388 9 0
388 389 10 0
389 397 2 0
397 398 6 0
398 399 9 0
399 400 10 0
28 401 2 0
401 402 1 0
402 403 1 0
403 404 1 0
404 405 1 0
405 406 1 0
406 407 1 0
407 408 4 0
408 409 1 0
374 410 6 0
410 411 5 0
411 27 7 0
27 412 5 0
412 413 3 0
413 414 3 0
414 28 5 0
28 415 1 0 0
415 416 2 0
416 417 2 0
417 418 2 0
418 419 2 0
415 420 5 0
420 421 3 0
421 422 4 0
422 423 8 0
423 424 1 0
424 425 1 0
426 427 5 0
427 428 3 0
428 429 3 0
429 430 2 0
430 431 4 0
431 432 5 0
432 433 5 0
433 434 4 0
434 435 6 0
435 436 4 0
436 437 49 0
28 447 9 0
447 448 6 0
448 449 5 0
449 450 3 0
450 451 3 0
451 452 6 0
452 453 2 0
453 375 8 0
375 374 3 0
28 422 15 0
422 454 5 0
454 455 9 0
455 456 4 0
456 457 6 0
457 458 9 0
458 459 6 0
459 460 9 0
460 461 1 0 0
461 462 8 0 0
462 463 4 0
463 464 3 0
464 465 6 0
465 466 6 0
466 467 6 0
467 468 5 0
468 469 10 0
469 470 7 0
470 471 3 0
471 472 2 0
459 473 6 0
473 460 3 0
462 474 9 0 0
474 475 5 0 0
475 476 7 0 0
476 477 10 0 0
477 478 4 0 0
478 479 8 0 0
479 480 6 0 0
468 481 10 0
481 482 1 0
482 483 1 0
484 485 3 0 0
485 486 1 0 0
486 487 1 0 0
487 488 2 0 0 0 0
488 489 2 0 0 0 0 0 0
489 490 44 0 0 0 0 0 0
490 491 1 0 0 0 0 0 0
491 492 2 0 0 0 0 0 0
486 493 2 0
493 494 2 0
494 495 1 0
495 496 2 0
496 497 1 0
497 498 2 0
498 499 1 0
499 500 1 0
500 501 1 0
501 502 1 0
502 503 1 0
503 504 2 0
504 505 2 0 0 0
505 506 1 0 0 0
506 507 1 0 0 0
507 490 1 0 0 0
490 508 1 0 0 0
508 509 1 0 0 0
509 510 2 0 0 0
510 511 1 0 0 0
511 512 1 0 0 0
512 513 1 0 0
513 514 1 0 0
514 515 2 0
515 516 3 0
516 517 1 0
517 518 2 0
518 519 2 0
525 526 3 0
526 527 3 0
527 528 1 0
528 529 1 0
529 530 2 0
530 531 3 0
531 532 1 0
532 533 2 0 0
533 504 2 0 0
512 534 2 0 0 0
534 535 2 0 0 0
535 536 2 0 0 0
536 537 3 0
537 538 3 0
538 539 2 0
539 540 2 0
540 541 2 0
541 542 2 0
543 544 1 0
544 545 1 0
545 546 2 0
546 547 1 0
547 548 1 0
548 532 1 0
514 549 2 0
549 550 1 0 0
550 551 1 0
551 552 2 0
552 553 4 0
553 554 2 0
554 555 2 0
556 557 2 0
557 558 3 0
558 559 5 0
559 560 2 0
560 561 2 0
561 562 2 0
562 563 2 0
563 564 3 0
564 565 2 0
565 566 1 0
566 567 1 0 0 0 0
567 492 1 0 0 0 0
492 568 1 0 0 0 0
568 491 1 0 0 0
491 569 1 0 0 0
569 490 1 0 0 0
490 489 1 0 0 0
489 570 2 0 0 0
570 571 1 0 0 0
571 488 1 0 0 0
488 572 1 0 0 0
572 487 1 0 0 0
487 573 1 0 0 0
573 574 1 0 0
574 575 1 0 0
575 576 1 0 0
576 577 1 0 0
577 578 3 0 0
578 579 1 0 0
533 503 8 0
503 580 17 0
580 581 1 0
581 582 2 0
582 583 1 0
583 584 1 0
584 573 1 0
573 585 1 0
585 586 1 0
586 587 2 0
587 588 2 0
588 589 1 0
589 590 1 0
590 511 1 0
511 591 2 0
591 592 1 0
592 593 1 0
593 594 2 0
594 595 1 0
595 549 1 0
550 596 1 0
596 597 2 0
597 598 1 0
598 599 1 0
599 600 3 0
600 533 20 0
533 600 20 0
600 599 3 0
599 598 1 0
598 597 1 0
597 596 2 0
596 566 1 0 0 0
566 601 1 0 0 0
601 595 1 0 0 0
595 594 1 0 0 0
594 593 2 0 0 0
593 592 1 0 0 0
592 591 1 0 0 0
591 511 2 0
511 590 1 0
590 589 1 0
589 588 1 0
588 587 2 0
587 586 2 0
586 585 1 0
585 573 1 0
573 584 1 0
584 583 1 0
583 582 1 0
582 581 2 0
581 580 1 0
580 503 17 0
503 533 8 0
602 603 2 0
603 604 3 0
604 605 3 0
605 606 3 0
606 607 2 0
607 608 4 0
608 609 2 0
609 610 2 0
610 611 3 0
611 612 2 0
612 613 3 0
613 614 3 0
614 615 2 0 0 0
615 616 1 0 0 0
616 566 1 0 0 0
573 617 2 0
617 493 8 0
493 486 2 0
486 618 5 0
618 619 3 0
619 620 2 0
621 622 2 0
622 623 1 0
623 624 1 0
624 625 1 0
625 626 1 0
626 614 2 0 0
568 569 2 0
627 628 1 0
628 629 2 0
629 626 4 0
630 631 3 0
631 632 5 0
632 633 3 0
633 634 2 0 0
634 635 1 0 0
635 636 2 0 0
636 637 2 0 0
637 596 2 0 0
591 512 1 0 0
536 549 8 0
549 638 4 0
638 639 1 0
639 520 2 0
640 641 2 0
641 642 2 0
642 633 3 0
657 658 6 0
658 659 1 0 0
643 644 3 0 0 0 0 0 0
644 645 3 0 0 0 0 0
645 646 3 0 0 0 0 0
646 647 3 0 0
647 648 6 0 0
648 649 7 0 0
649 650 11 0 0
650 651 15 0 0
651 652 15 0 0
652 653 3 0 0
653 654 11 0 0
654 655 10 0 0
655 656 4 0 0
656 657 11 0 0
657 660 4 0
660 487 40 0
688 689 8 0
689 690 5 0
690 691 13 0
691 692 9 0
692 693 10 0
693 694 9 0
694 695 22 0
695 696 4 0
696 697 4 0
697 698 5 0
698 579 4 0
579 488 13 0
492 699 33 0
699 700 32 0
700 701 14 0
701 702 11 0 0
702 703 8 0
703 704 4 0
704 705 8 0
705 706 4 0
706 687 6 0
717 718 2 0
718 719 12 0
719 716 9 0
480 707 7 0
707 708 9 0
708 709 13 0
709 710 13 0
710 391 7 0
391 389 10 0
389 711 11 0
711 712 14 0
712 713 11 0
713 714 5 0
714 715 8 0
715 716 13 0
716 720 16 0
720 721 5 0
721 722 5 0
722 542 22 0
542 511 21 0
511 489 5 0 0 0 0
489 506 3 0 0 0 0 0 0
506 533 5 0 0 0 0 0 0
533 546 5 0 0 0 0 0 0
546 525 26 0 0
525 723 1 0 0 0
723 724 4 0 0 0
724 725 3 0 0 0
725 726 3 0 0 0
726 727 6 0 0 0
727 728 3 0 0
728 729 9 0 0
729 730 4 0 0
730 731 7 0 0
731 732 6 0 0
732 733 8 0 0
733 734 9 0 0
734 735 18 0 0
735 736 6 0 0
736 737 7 0 0
737 738 7 0 0
426 739 6 0
739 740 3 0
740 741 2 0
741 23 5 0
23 22 5 0
22 21 11 0
20 19 3 0
19 18 4 0
18 17 2 0
17 742 5 0
742 743 7 0
743 744 5 0
744 343 13 0
343 745 7 0
745 746 20 0
746 747 17 0
747 748 14 0
748 749 11 0
749 750 10 0
750 751 16 0
751 752 14 0
752 753 13 0
753 754 13 0
754 755 14 0
755 579 8 0 0
579 587 6 0 0
587 489 6 0 0
546 756 5 0 0
756 757 4 0 0
757 758 4 0 0
758 759 2 0 0
759 760 25 0
760 761 13 0 0 0
462 762 8 0
762 763 3 0
763 764 3 0
764 765 9 0
765 766 7 0
766 767 17 0
767 768 6 0
768 769 4 0
769 770 4 0
770 771 13 0
771 383 15 0
383 772 8 0
772 773 8 0
773 774 4 0
774 362 15 0
761 782 6 0
782 783 10 0
783 784 8 0
784 785 13 0
785 786 12 0
28 374 34 0
374 358 51 0
358 362 36 0
362 775 20 0
775 776 12 0
776 777 9 0
777 778 12 0
778 524 17 0
524 511 27 0 0
546 759 15 0 0
759 779 6 0 0
779 780 4 0 0
780 781 12 0 0
781 760 3 0 0
761 787 6 0
787 788 6 0
788 789 4 0
789 790 4 0
790 791 4 0
791 792 2 0
792 793 6 0
747 794 4 0
794 795 7 0
795 796 15 0
796 797 9 0
797 798 11 0
798 799 4 0
799 800 5 0
800 801 6 0
801 802 6 0
802 803 10 0
803 804 6 0
804 805 10 0
805 806 1 0
806 807 11 0
807 808 10 0
808 809 6 0
809 810 4 0 0
810 811 2 0 0
811 812 3 0 0
812 813 3 0 0
813 555 6 0 0
555 755 22 0
814 815 5 0 0
815 816 11 0
816 817 3 0
817 818 9 0
818 819 7 0
819 820 12 0
820 821 7 0
821 822 5 0
822 823 6 0
823 824 6 0
824 825 5 0
825 826 4 0 0
826 827 3 0
827 484 4 0
492 563 7 0 0
563 640 11 0 0
640 525 9 0
830 831 2 0 0
831 832 2 0 0
832 833 2 0 0
833 834 1 0 0
834 835 2 0 0
835 836 2 0 0
836 837 2 0 0
837 829 2 0 0
829 838 10 0 0 0 0
838 839 16 0 0
839 840 11 0 0
840 841 5 0 0 0
841 842 56 0
842 843 4 0
843 844 5 0
844 738 4 0
738 845 2 0
828 829 12 0
838 840 9 0 0
841 846 11 0 0
846 847 10 0 0
847 848 12 0 0
848 849 13 0
849 850 2 0
850 851 10 0
851 852 7 0
852 687 13 0
754 853 9 0 0
853 854 4 0 0
854 755 2 0 0
755 855 2 0 0
855 856 1 0 0
856 579 4 0 0
579 487 8 0 0
615 628 7 0 0
628 524 29 0
524 857 2 0
857 858 5 0
858 859 6 0
859 778 3 0
778 860 7 0
860 861 6 0
861 862 4 0
862 863 5 0
863 864 5 0
864 865 6 0
865 866 1 0
640 699 25 0
699 867 3 0
867 868 3 0
868 869 10 0
869 870 6 0
870 871 4 0
871 700 5 0
700 872 5 0
872 873 5 0
873 701 5 0
702 874 15 0
874 875 10 0
875 876 7 0
876 850 7 0
850 849 2 0
849 877 13 0
877 878 6 0 0
878 879 2 0 0
879 880 7 0 0
524 521 8 0
521 881 2 0
881 555 6 0
555 660 38 0
660 658 4 0
659 620 2 0
618 620 4 0 0
620 659 2 0 0 0
659 658 1 0 0
658 660 4 0 0
660 882 6 0
882 883 6 0
883 695 5 0
660 884 18 0
884 885 10 0
885 640 19 0
659 886 3 0
886 887 3 0
887 888 1 0
888 889 5 0
889 825 6 0
615 621 10 0
621 890 1 0
890 891 1 0
891 892 3 0
892 893 5 0
893 894 5 0
615 605 23 0
605 895 3 0
895 896 3 0
896 897 9 0
897 898 5 0
898 899 3 0
899 900 5 0
900 901 5 0
901 902 3 0
902 903 8 0
903 904 3 0
904 905 3 0
486 485 6 0
485 484 3 0
484 827 4 0
827 826 3 0
826 906 9 0
906 907 4 0
907 908 5 0
908 909 11 0
909 910 2 0
910 911 11 0
911 761 8 0
912 913 6 0
913 663 3 0
669 914 2 0
914 915 7 0
915 916 5 0
916 917 6 0
917 918 4 0
918 919 3 0
919 920 4 0
920 921 2 0
921 922 6 0
922 923 5 0
923 924 8 0
924 925 4 0
925 926 4 0
926 927 4 0
927 928 6 0
928 929 4 0
929 930 1 0
930 931 5 0
931 699 3 0
699 635 20 0
687 932 5 0
932 874 19 0
874 933 8 0
933 934 14 0
934 735 10 0
735 935 7 0
935 936 8 0
936 937 4 0
937 786 4 0
687 686 3 0
686 938 11 0
938 939 8 0
654 940 4 0
940 941 3 0
941 942 7 0
942 943 2 0
943 944 5 0
944 945 3 0
945 946 1 0
946 947 5 0
947 692 4 0
722 721 5 0
721 951 14 0
951 952 6 0
952 953 2 0
953 954 3 0
628 542 17 0
542 948 6 0
948 949 5 0
949 950 2 0
950 722 10 0
722 955 10 0
955 956 3 0
956 957 6 0
957 958 4 0
958 959 7 0
959 960 9 0
960 961 9 0
961 902 9 0
902 962 4 0
962 963 11 0
963 669 14 0
964 965 7 0
965 966 4 0
966 967 5 0
967 968 5 0
968 716 19 0
669 670 9 0
670 671 1 0
671 672 3 0
672 673 4 0
673 674 6 0
674 675 6 0
675 676 6 0
676 677 6 0
677 678 7 0
678 679 9 0
679 680 7 0
680 681 3 0
681 682 4 0
682 683 5 0
683 684 18 0
684 685 13 0
685 686 2 0
686 687 3 0
969 970 6 0
970 971 2 0
971 972 2 0
972 973 4 0
973 974 2 0
974 975 9 0
975 976 2 0
976 977 6 0
977 978 6 0
978 979 13 0
979 980 6 0
980 786 13 0
786 735 23 0
735 934 10 0
934 874 22 0
874 687 24 0
815 981 2 0
981 982 9 0
982 983 6 0
983 984 4 0
984 985 4 0
985 986 2 0
986 987 2 0
987 793 2 0
793 988 7 0
988 989 6 0
989 990 10 0
990 991 9 0
991 992 13 0
992 786 9 0
975 993 8 0
993 994 6 0
994 995 2 0
995 996 6 0
996 997 6 0
997 998 3 0
998 999 4 0
999 1000 2 0
1000 1001 5 0
1001 1002 7 0
1003 1004 7 0
1004 1005 8 0
1005 1006 8 0
1006 1007 8 0
1007 1008 3 0
1008 1009 16 0 0
1009 1010 5 0
1010 1011 3 0
1011 1012 5 0
1012 1013 6 0
1013 1014 16 0
1014 1015 8 0
1015 1016 10 0
1016 1017 10 0
1017 1018 4 0
1018 1019 5 0
1019 687 5 0
848 877 10 0
828 1020 3 0 0 0 0 0 0
1020 1021 4 0 0 0 0 0 0
1021 1022 4 0
1022 1023 1 0
1023 1024 2 0
1024 1025 2 0
1025 1026 1 0
1026 1027 1 0
1027 1028 7 0
1028 1029 2 0
1021 1030 4 0 0 0 0
1030 1031 6 0 0 0 0
1031 1032 5 0 0 0 0
1032 1033 2 0
1033 1034 2 0
1034 1035 3 0
1035 1036 6 0
1036 1037 6 0
880 879 7 0
879 878 2 0
878 877 6 0
877 848 10 0
848 1038 10 0
1038 1039 9 0
1039 845 7 0
845 1040 10 0
1040 786 14 0
786 1041 7 0
1041 980 6 0
980 979 5 0
979 978 13 0
978 977 6 0
977 976 6 0
976 975 2 0
975 972 15 0
972 969 10 0
1009 1042 31 0
1042 1043 6 0
1043 1044 4 0
1044 1045 9 0
1045 1046 6 0
1046 1047 9 0
1047 1048 10 0
1048 880 4 0
830 1049 2 0 0 0
1049 828 2 0 0 0 0 0
1032 1050 8 0 0 0
1050 1051 4 0 0 0
1051 1052 3 0 0 0
1052 1053 5 0
1053 1054 6 0
1054 1055 8 0
1055 1056 7 0
1056 1057 5 0
1057 1058 4 0
1058 1059 6 0
1059 1060 6 0
1060 1061 4 0
1061 1062 4 0
1062 1063 6 0
1063 1008 4 0
830 1064 1 0 0
1064 1049 1 0 0
1052 1065 4 0
1065 1066 2 0
1066 1067 4 0
1067 1068 4 0
1068 1069 5 0
1069 1070 3 0
1070 1071 3 0
1071 1072 4 0
1072 1073 3 0
1073 1074 6 0
1074 1075 4 0
1075 1076 3 0
1076 1077 4 0
1077 1078 3 0
1078 1079 2 0
1079 1080 4 0
1080 1003 6 0
1003 1080 6 0
1080 1081 4 0
1081 1082 4 0
1082 1083 8 0
1083 1084 4 0
1084 1076 4 0
1090 1091 2 0
1091 1092 2 0
1003 1085 1 0
1085 1086 1 0
1086 1087 2 0
1087 1088 1 0
1088 1089 2 0
1089 1090 2 0
1090 1093 1 0
1093 1094 1 0
1094 1095 2 0
845 738 2 0
738 844 4 0
844 843 5 0
843 842 4 0
842 841 6 0
841 840 5 0
840 839 11 0
839 838 4 0
838 829 2 0
829 837 2 0
837 836 2 0
836 835 2 0
835 834 2 0
834 833 1 0
833 832 2 0
832 831 2 0
831 830 2 0
1096 1097 2 0
1097 1098 6 0
1098 829 4 0
829 1099 2 0 0
1099 1100 2 0 0
1100 1101 2 0 0
1101 1102 2 0 0
1102 1103 2 0 0
1103 1104 2 0 0
1104 828 2 0 0
828 1049 2 0
1049 1064 1 0
1064 830 1 0
830 1105 2 0
1105 1106 3 0
1106 1107 1 0
1107 1108 2 0
1108 1109 1 0
1109 1110 2 0
1110 1111 1 0
1111 1112 2 0
1112 1113 3 0
1113 1114 5 0
1114 1115 4 0
1115 1116 4 0
1116 1117 6 0
1117 1118 4 0
1118 1119 1 0
1119 1120 6 0
1120 1121 1 0
1113 1112 3 0
1112 1111 2 0
1111 1110 1 0
1110 1109 2 0
1109 1108 1 0
1108 1107 2 0
1107 1106 1 0
1106 1105 3 0
1105 830 2 0
1021 1122 3 0
1122 1123 1 0
1110 1124 3 0
1124 1125 2 0
1125 1126 1 0
1126 1127 2 0
1127 1128 3 0
1128 1129 3 0
1129 1130 2 0
1130 1131 3 0
1131 1132 3 0
1132 1133 4 0
1133 1134 2 0
1134 1135 2 0
1135 1136 2 0
1136 1137 5 0
1138 1139 5 0
1139 1140 2 0
1140 1141 3 0
1141 1142 3 0
1142 1143 3 0
1143 1144 6 0
1144 1145 4 0
1145 1146 2 0
1146 1113 1 0
1118 1147 2 0
1147 1148 2 0
1148 1149 2 0
1149 1150 3 0
1150 1151 2 0
1151 1152 4 0
1152 1153 2 0
1153 1154 6 0
1154 1138 4 0
969 1155 6 0 0
1155 1156 5 0
1156 1157 5 0
1157 1158 5 0
1158 1159 6 0
1159 1160 6 0
814 1161 4 0
1161 1162 7 0
1162 1163 4 0
1163 1164 4 0
1164 1165 2 0
1165 1166 2 0
1166 1160 3 0
1160 1167 7 0
1167 1168 4 0
1168 1169 4 0
1169 1170 6 0
1170 1002 9 0
646 1171 4 0
1171 1172 4 0
1172 1173 5 0
1173 1174 6 0
1174 1175 2 0
1175 1176 4 0
1176 1177 8 0
1177 1178 4 0
1178 1179 7 0
1179 815 2 0
815 814 5 0
646 1180 4 0
1180 1181 4 0
1181 1182 2 0
1182 1183 2 0
1183 1184 4 0
1184 1185 6 0
1185 1186 5 0
657 488 33 0
688 1187 1 0
1187 1188 2 0
1188 1189 4 0
1189 1190 2 0
1190 1191 1 0
130 1192 16 0 0
1192 1193 9 0
1193 1194 7 0
1194 1195 4 0
1195 1196 6 0
1196 1197 8 0
1197 151 8 0
151 1198 6 0
1198 1199 6 0
1199 1200 5 0 0
155 1201 7 0 0
1201 1199 20 0
1200 1202 13 0 0
1202 1203 10 0
1203 1204 6 0
1204 1205 6 0
1205 1206 8 0
1206 1207 6 0
1207 1208 7 0
1208 1209 6 0
1209 1210 6 0
1210 688 7 0
644 1211 2 0
1211 1212 9 0
1212 1213 5 0
1213 1214 9 0
1214 1215 6 0
1215 1216 5 0
1216 1217 10 0
1217 1218 9 0
1218 688 5 0
688 1219 8 0
1219 1220 5 0
1220 1221 11 0
1221 1222 11 0
1222 1223 8 0
1223 1224 6 0
1224 747 24 0
1202 1225 6 0
1225 1226 4 0
1226 1227 6 0
1227 1228 6 0
1228 1229 13 0
1229 1230 7 0
1230 1231 3 0
1231 1232 4 0
1232 1233 4 0
1233 1211 6 0
1211 644 2 0 0
644 643 3 0 0
1234 1214 1 0
1214 1213 5 0
1213 1235 4 0
1235 1212 3 0
1212 1211 12 0
643 1236 1 0
1236 1237 2 0
1237 1238 1 0 0
1238 1239 1 0
1239 1240 1 0
1240 1241 3 0
1241 1242 2 0
1242 1243 2 0
1243 1244 1 0
1192 1245 10 0
1245 1246 4 0
1246 1247 5 0
1247 1248 12 0
1248 155 14 0
1201 1249 4 0
1249 1250 9 0
1250 1251 8 0
1251 1252 8 0
1252 1253 9 0
1253 1254 4 0
1254 1255 5 0
1255 1256 4 0
1256 1257 5 0
1257 1258 3 0
1258 1259 4 0
1259 1260 5 0
1260 1261 6 0
1261 643 3 0
155 1262 12 0 0
1262 1263 10 0
1263 1264 8 0
1265 1266 17 0
1266 1267 7 0
1267 1268 3 0
1268 155 16 0
643 1237 3 0 0 0
1238 1269 4 0
1269 1270 2 0
1270 1271 2 0
1271 1272 3 0
1272 1273 6 0
1273 1274 10 0
1274 1275 7 0
1275 1276 4 0
1276 1277 3 0
1277 1278 3 0
1278 1279 5 0
1279 1280 5 0
1280 1281 7 0 0
1281 1282 5 0
1282 1283 6 0
1283 1284 6 0
1284 1285 2 0
1285 1286 2 0
1265 1287 2 0 0
1287 1288 8 0 0
1288 1289 8 0
1289 1290 7 0
1290 1291 9 0
1291 1292 19 0
1292 1293 4 0
1293 1294 7 0
1295 1296 1 0
1296 1297 2 0
1297 1298 2 0
1298 1299 1 0
1299 1300 9 0
1300 1301 5 0
1301 1302 14 0
1303 1304 1 0
1304 1305 1 0
1305 1306 1 0
1306 1307 1 0
1307 1308 1 0
1308 1309 1 0
1309 1310 1 0
1310 1311 2 0
1311 1312 1 0
1312 1313 1 0
1313 1314 1 0
1314 1315 1 0
1315 1316 1 0
1316 1317 3 0
1317 1318 3 0
1318 1319 1 0
1319 1320 9 0
1320 1321 3 0
1321 1322 9 0
1322 1300 4 0
1280 1323 3 0
1323 1324 1 0
1324 1325 6 0
1325 1326 5 0
1326 1327 4 0
1292 1294 11 0
1294 1328 8 0
1328 1329 12 0
1329 1330 4 0
1330 1331 5 0
1331 1332 3 0
1332 1295 1 0
1295 1333 10 0
1333 1280 14 0
1281 1334 7 0
1334 1335 4 0
1335 1336 4 0
1336 1337 3 0
1337 1338 7 0
1338 1339 6 0
1339 1340 3 0
1340 1341 3 0
1341 1342 6 0
1342 1343 11 0
1343 1344 6 0
1344 1345 6 0
1345 1346 5 0
1346 1347 4 0
1347 1348 4 0
1348 1002 7 0
1356 1357 3 0
1364 1365 4 0
1283 1349 4 0
1349 1350 3 0
1350 1351 1 0
1351 1352 6 0
1352 1353 1 0
1353 1354 3 0
1354 1355 2 0
1355 1356 3 0
1356 1358 3 0
1358 1359 4 0
1338 1367 4 0
1367 1368 4 0
1368 1369 4 0
1369 1370 4 0
1370 1371 8 0
1371 1372 3 0
1372 1373 2 0
1373 1374 5 0
1374 1375 4 0
1375 1376 7 0
1376 1377 6 0
1377 1378 2 0
1378 1379 6 0
1379 1380 3 0
1380 814 4 0
1237 1242 14 0 0
1242 1244 3 0
1244 1381 3 0
1381 1382 3 0
1382 1383 6 0
1383 1384 1 0
1384 1385 4 0
1385 1369 3 0
1369 1341 15 0
1341 1386 8 0
1386 1387 9 0
1387 1388 22 0
1388 1389 4 0 0
1389 1390 6 0 0
1390 1391 3 0 0
1391 1392 3 0 0
1392 1393 3 0 0
1393 1394 6 0 0
1394 1395 6 0 0
1395 1396 5 0 0
1396 1397 3 0 0
1397 1398 5 0 0
1398 1399 8 0 0
1399 1400 6 0 0
1400 1401 5 0 0
1401 1402 10 0 0
1387 1403 2 0
1403 1404 4 0
1404 1405 2 0
1405 1406 1 0
1406 1407 1 0
1407 1408 2 0
1408 1409 4 0
1409 1410 2 0
1410 1411 2 0
1242 1412 3 0
1412 1413 2 0
1413 1414 7 0
1414 1415 7 0
1415 1416 7 0
1416 1376 9 0
1376 1417 6 0
1417 1418 5 0
1418 1419 6 0
1419 1420 7 0
1420 1421 7 0
1421 1002 5 0
1002 1422 18 0
1422 969 20 0
130 1423 3 0 0 0 0 0
1423 1424 5 0 0
1424 1425 4 0 0
1425 1426 6 0 0
1426 1427 5 0 0
1427 1428 4 0
1428 1429 6 0
1429 1430 6 0
1430 1431 11 0
1431 1432 9 0
1432 1433 10 0
1433 1434 8 0
1434 1435 11 0
1435 1436 10 0
1436 1437 10 0
1438 1439 5 0
1439 1440 4 0
1440 1441 4 0
1441 155 9 0
1262 1442 12 0
1442 1443 4 0
1443 1328 11 0
1328 1294 8 0
1294 1293 7 0 0
1293 1292 4 0 0
1292 1444 7 0
1444 1445 16 0
1445 1446 14 0
1446 1433 6 0
1433 1447 30 0
1447 1448 14 0
1449 1450 6 0 0
1450 1451 6 0 0
1451 1452 5 0 0
1452 1453 10 0 0
1453 1454 4 0
1454 1455 8 0
1455 1456 7 0
1456 1457 3 0
1457 1458 6 0
1458 1437 9 0
1453 1459 9 0
1459 1460 6 0
1460 1461 7 0
1461 1435 15 0
1437 1436 10 0
1436 1435 10 0
1435 1462 9 0
1462 1463 6 0
1463 1464 5 0
1464 1465 7 0
1465 1466 6 0
1466 1467 14 0
1467 1468 3 0
1468 1469 4 0
1469 1470 5 0
1470 1471 4 0
1471 1472 4 0
1472 1473 3 0
155 1474 27 0
1474 1291 4 0
1291 1445 21 0
1445 1475 6 0
1475 1476 6 0
1476 1477 7 0
1477 1478 2 0
1478 1479 9 0
1479 1465 1 0
211 1480 9 0 0
1480 1481 7 0 0
1481 1482 5 0 0
1482 1483 7 0 0
1483 1484 8 0 0
1484 1485 7 0 0
1485 1486 5 0 0 0 0
1486 1487 5 0 0 0 0
1487 1488 5 0 0 0 0
1488 1489 3 0 0 0 0
1489 1490 3 0 0 0 0
1490 130 3 0 0 0 0 0 0
1423 1491 5 0 0 0
1491 1492 1 0 0
1492 1493 1 0 0
1493 1494 4 0 0
1494 1495 4 0 0
1495 1496 2 0 0
1496 1497 3 0 0
1497 1498 4 0 0
1498 1499 2 0 0
1499 1500 3 0 0
1500 1501 3 0 0
1501 1502 1 0 0
1502 1503 3 0 0
1503 1484 4 0 0
208 1504 9 0 0
1504 1505 6 0 0
1505 1506 4 0 0
1506 1507 5 0 0
1507 1508 4 0 0
1508 1485 6 0 0
130 1509 4 0
1509 1510 1 0
1510 1511 4 0
1511 1512 3 0
1512 1192 4 0
1192 1513 6 0
1513 1514 8 0
1514 1515 5 0
1515 1265 6 0
204 1516 3 0
1516 1517 6 0
1517 1518 3 0
1518 129 6 0 0
129 1519 3 0 0
1519 1520 2 0 0
1520 1490 9 0 0
1427 1521 7 0
1521 1265 6 0 0
1522 1518 12 0
1491 1495 10 0
1495 1523 4 0
1523 1524 5 0
1524 1525 5 0
1525 1526 4 0
1526 1527 8 0
1527 1528 11 0
1528 1529 7 0
1529 1530 12 0
1530 1531 2 0
1531 1532 9 0
1532 1533 8 0
1533 1534 20 0
1534 1535 17 0 0
130 1510 5 0
1510 1536 14 0
1536 1537 6 0
1537 1538 4 0
1538 1539 4 0
1539 126 11 0
1540 1541 7 0
1541 1542 7 0
1542 1543 10 0
1543 1544 6 0 0
1544 1545 10 0 0
1545 211 5 0 0
1546 1547 5 0 0 0
1547 1543 5 0 0
1543 1548 6 0
1548 1549 6 0
1549 1550 17 0
1550 1551 12 0
1551 1528 12 0
1528 1552 12 0
1552 1553 4 0
1553 1554 4 0
1554 1429 9 0
1429 1428 6 0
1428 1521 3 0
1288 1555 3 0
1555 1556 2 0
1556 1557 1 0
1557 1558 3 0
1559 1560 4 0
1560 1561 9 0
1561 1562 8 0 0
1562 1563 12 0
1563 1564 5 0
1564 1565 5 0
1565 1566 4 0
1566 1567 21 0
1567 1568 1 0 0 0
1568 1569 10 0
1569 1570 6 0
1570 1571 5 0
1571 1572 7 0
1572 1546 9 0
205 207 15 0
156 1573 7 0
1573 1574 4 0
1574 1575 5 0
1575 1576 4 0
1576 1577 4 0
1577 1578 5 0
1578 1579 4 0
1579 1580 9 0
1580 1581 14 0
1581 1582 14 0
1582 1583 16 0
1583 1584 12 0
1584 1568 25 0
1568 1585 8 0
1585 1586 5 0
1586 1587 5 0
1587 1588 8 0
1588 1589 6 0
1589 1590 6 0
1590 1591 12 0
1592 1593 7 0
1593 1594 7 0
1594 1595 5 0
1595 1596 1 0
1596 1597 6 0
1597 1546 7 0
1547 1598 4 0
1598 1542 5 0
1542 1541 7 0
1541 1540 7 0
130 1485 22 0
1485 1507 10 0
1507 1505 9 0
1505 1504 6 0
1504 208 9 0
208 207 16 0
207 206 8 0
206 205 7 0
205 158 7 0
158 157 12 0
157 156 15 0
156 1599 14 0
1599 1600 14 0
1600 1601 17 0
1601 1602 15 0
1602 1603 8 0
1603 1604 9 0
1604 1605 23 0
1605 1606 26 0
1606 1607 21 0
1607 1608 8 0
1608 1609 6 0
1609 1610 0 0
1610 1609 1 0 0
1609 1608 5 0 0
1608 1607 8 0 0
1607 1606 21 0 0
1606 1605 26 0 0
1605 1604 23 0
1604 1603 9 0
1603 1602 8 0
1602 1601 15 0
1601 1600 17 0
1600 1611 5 0
1611 1612 4 0
1612 1613 2 0
1613 1599 3 0
1599 1614 4 0
1614 1615 7 0
1615 156 3 0
1616 1617 5 0
1617 1618 5 0
1618 1619 8 0
1619 1620 11 0
1620 1621 6 0
1621 1600 9 0
1600 1599 14 0
1599 156 14 0
1622 1623 7 0 0
1623 1624 15 0
1624 1625 18 0
1625 1601 12 0
1601 1626 11 0
1626 1627 7 0
1627 1628 5 0
1628 1629 6 0
1629 1630 12 0
1630 1631 16 0
1631 1632 6 0
1632 1633 26 0
1633 1634 4 0
1634 1635 3 0 0
1635 1636 6 0 0
1636 1567 10 0 0
1623 1637 4 0
1637 1638 7 0
1638 1639 5 0
1639 1640 7 0
1640 1641 5 0
1641 1642 6 0
156 1615 3 0
1615 1614 7 0
1614 1599 4 0
1599 1643 6 0
1643 1644 10 0
1644 1645 8 0
1645 1646 8 0
1646 1647 4 0
1647 1648 6 0
1648 1649 6 0
1649 1650 6 0
1650 1651 7 0
1651 1652 3 0
1652 1653 5 0
1653 1654 9 0
1654 1655 4 0
1655 1656 6 0
1656 1634 4 0
1605 1657 17 0
1657 1658 6 0
1658 1659 9 0
1659 1660 13 0
1660 1661 8 0
1661 1662 10 0
1662 1663 12 0
1663 1664 9 0
1664 1665 14 0
1665 1561 9 0
1605 1666 16 0
1667 1668 4 0
1668 1669 7 0
1669 1670 10 0
1670 1671 9 0
1671 1672 11 0
1672 1673 9 0 0
1673 1674 5 0 0
1674 1675 8 0 0
1675 1540 4 0 0
1540 1675 4 0 0
1675 1676 2 0
1676 1677 1 0
1677 1678 3 0
1678 1679 1 0
1679 1680 3 0
1680 1681 3 0
1681 1682 1 0
1682 1683 2 0
1683 1684 4 0
1684 1685 3 0
1685 1686 3 0
1686 1568 24 0
1675 1687 3 0
1687 1688 3 0
1688 1689 3 0
1689 1690 4 0
1690 1691 6 0
1691 1692 5 0
1692 1693 7 0
1693 1694 6 0
1694 1695 2 0
1695 1535 1 0
1540 1701 2 0
1701 1702 3 0
1702 1703 4 0
1703 1704 2 0
1704 1705 4 0
1705 1706 2 0
1706 1707 5 0
1707 1708 5 0
1542 1709 8 0
1709 1710 1 0
1710 1711 5 0
1711 1707 5 0
1707 1712 9 0 0
1712 1713 9 0 0
1713 1714 4 0
1714 1715 4 0
1715 1534 12 0
1591 1716 11 0
1716 1717 6 0
1717 1718 9 0
1718 1719 9 0
1719 1720 7 0
1720 1721 3 0
1721 1672 5 0
1540 1704 11 0
1704 1707 11 0
1713 1534 20 0
1591 1722 4 0
1722 1723 6 0
1723 1724 7 0
1724 1725 3 0
1725 1726 7 0
1726 1727 2 0
1727 1728 4 0
1728 1729 5 0
1729 1730 7 0
1730 1731 11 0
1722 1591 4 0
1591 1732 20 0
1732 1733 9 0
1733 1734 6 0
1734 1735 7 0
1591 1736 9 0
1736 1737 7 0
1737 1738 4 0
1738 1739 5 0
1739 1740 8 0
1740 1741 9 0
1741 1742 3 0
1742 1743 3 0
1743 1744 2 0
1744 1745 5 0
1745 1744 5 0
1744 1743 2 0
1743 1742 3 0
1742 1741 3 0
1741 1746 8 0
1746 1747 3 0
1747 1748 1 0
1748 1749 6 0
1749 1750 12 0
1750 1751 11 0
1751 1735 6 0
1735 1752 7 0
1752 1753 5 0
1753 1754 8 0
1754 1755 11 0
1755 1731 4 0
1756 1757 1 0 0 0 0 0 0 0 0 0 0 0
1757 1758 4 0 0
1758 1759 8 0
1759 1760 17 0
1760 1761 10 0
1761 1762 7 0 0
1762 1763 17 0 0
1763 1764 10 0 0
1764 1765 9 0 0
1765 1766 5 0 0
1766 1767 4 0 0
1767 1768 7 0 0
1768 1745 18 0
1745 1769 6 0 0
1769 1770 4 0 0
1770 1771 2 0 0
1771 1772 4 0 0
1772 1773 7 0 0
1773 1667 8 0 0
1763 1774 8 0 0 0
1774 1775 9 0
1775 1776 7 0
1776 1777 5 0 0 0 0
1777 1778 4 0 0 0
1778 1779 7 0 0
1779 1780 5 0 0
1780 1745 9 0
1781 1782 6 0
1782 1783 4 0
1783 1784 1 0
1784 1785 4 0
1785 1786 6 0
1786 1787 10 0
1787 1788 3 0
1788 1789 4 0
1789 1790 4 0
1790 1791 5 0
1791 1792 6 0
1792 1793 4 0
1793 1774 4 0
1774 1763 8 0
1788 1794 5 0
1794 1795 4 0
1795 1796 4 0
1796 1797 7 0
1798 1799 6 0
1799 1800 7 0
1800 1801 4 0
1801 1802 5 0
1802 1803 2 0
1803 1804 5 0 0
1804 1805 3 0 0
1805 1806 2 0
1806 1807 4 0 0
1807 1808 4 0 0
1808 1809 6 0
1809 1765 6 0
1803 1802 2 0
1802 1810 5 0
1810 1811 4 0
1811 1812 6 0
1812 1813 6 0
1813 1735 12 0
1814 1815 9 0
1815 1816 6 0
1816 1817 4 0
1817 1818 5 0
1818 1819 3 0 0 0
1819 1820 2 0
1820 1821 2 0
1821 1822 2 0
1822 1823 5 0
1823 1824 1 0
1824 1825 2 0
1825 1763 4 0
1774 1776 18 0
1777 1826 4 0
1826 1827 6 0
1827 1828 6 0
1828 1829 9 0
1829 1830 5 0
1830 1750 8 0
1750 1831 7 0
1831 1832 5 0
1832 1833 4 0
1833 1834 3 0
1834 1591 10 0
1805 1835 2 0
1835 1836 5 0
1836 1837 5 0
1837 1777 6 0
1778 1838 7 0
1838 1839 3 0
1839 1840 3 0
1840 1841 1 0
1841 1842 2 0
1842 1843 3 0
1843 1844 2 0
1844 1845 2 0
1845 1745 4 0
1745 1846 5 0 0
1846 1847 3 0 0
1847 1848 3 0 0
1848 1849 5 0 0
1849 1850 8 0 0 0
1850 1851 4 0 0 0
1851 1852 4 0 0 0
1777 1853 4 0
1853 1854 4 0
1854 1855 1 0
1855 1768 2 0
1667 1856 14 0
1856 1857 6 0
1857 1858 6 0
1858 1859 4 0
1859 1860 16 0
1860 1861 3 0
1861 1862 4 0
1862 1863 5 0
1863 1864 7 0
1864 1865 6 0
1865 1535 7 0
1535 1534 17 0
1534 1866 19 0
1866 1867 18 0
1867 1868 9 0
1868 1869 12 0
1869 1870 5 0
1870 1871 6 0
1871 1872 5 0
1872 1873 4 0
1873 1874 4 0
1874 1875 4 0
1875 1876 4 0
1876 1877 4 0 0 0
1745 1878 5 0 0 0
1878 1879 3 0 0
1879 1880 4 0
1880 1881 2 0
1881 1882 3 0
1882 1883 6 0 0
1883 1884 5 0
1884 1885 3 0
1885 1886 8 0
1886 1887 4 0
1887 1858 10 0
1879 1888 4 0
1888 1889 6 0
1889 1890 5 0
1890 1891 5 0
1891 1892 2 0
1892 1893 3 0
1893 1894 5 0
1878 1895 2 0
1895 1896 2 0
1896 1897 1 0
1897 1898 5 0
1898 1899 2 0
1899 1852 7 0
1852 1900 4 0
1900 1901 8 0
1901 1902 4 0
1902 1903 3 0
1903 1904 1 0
1904 1905 6 0
1905 1906 7 0
1852 1889 13 0 0
1889 1907 15 0
1907 1908 8 0 0
1908 1909 12 0 0
1909 1910 8 0 0
1910 1911 6 0 0
1911 1912 5 0 0
1912 1913 9 0 0
1913 1914 9 0 0
1914 1915 6 0
1915 1916 8 0
1916 1917 6 0
1917 1918 4 0
1918 1919 6 0
1919 1920 2 0
1920 1921 8 0
1921 1922 6 0
1922 1923 10 0
1923 1867 10 0
1883 1924 7 0
1924 1925 2 0
1925 1907 4 0
1907 1926 1 0
1926 1927 3 0
1927 1928 1 0
1928 1929 3 0
1929 1930 5 0
1930 1931 2 0
1931 1932 1 0
1932 1933 2 0
1933 1934 2 0
1934 1935 4 0
1935 1936 2 0
1745 1879 8 0
1879 1907 25 0
1768 1849 14 0
1852 1940 17 0
1940 1941 4 0
1941 1942 2 0
1942 1894 4 0
1943 1944 2 0
1944 1945 6 0
1945 1946 4 0
1946 1947 2 0
1947 1948 4 0
1948 1949 2 0
1949 1950 4 0
1951 1952 3 0
1952 1953 3 0
1953 1954 5 0
1954 1955 2 0
1955 1956 3 0
1956 1957 1 0
1957 1958 1 0
1958 1959 2 0
1959 1960 2 0
1960 1961 4 0
1961 1962 4 0
1962 1963 4 0
1963 1964 6 0
1964 1965 4 0
1965 1966 5 0
1966 1967 5 0
1967 1968 2 0
1968 1969 4 0
1951 1970 12 0
1970 1971 6 0
1971 1972 3 0
1972 1973 4 0
1973 1974 3 0 0
1974 1975 4 0 0
1975 1976 2 0
1976 1977 2 0
1977 1978 2 0
1978 1979 4 0
1979 1980 2 0
1980 1981 2 0
1981 1982 4 0
1982 1983 3 0
1983 1984 3 0
1984 1985 4 0
1985 1986 7 0
1986 1987 6 0
1774 1988 2 0
1988 1989 1 0
1989 1990 2 0
1990 1991 3 0
1763 1992 4 0
1992 1993 1 0
1993 1994 2 0
1995 1996 2 0
1996 1997 4 0
1997 1998 1 0
1998 1999 6 0
1999 2000 1 0
2000 2001 2 0
2001 2002 2 0 0
2002 1761 1 0 0
1761 2003 1 0 0
2003 2004 1 0 0
2004 2005 1 0 0
2005 2006 3 0
2006 1762 1 0
1762 2007 5 0
2007 2008 2 0
2008 2009 2 0
2009 2010 3 0
2010 2011 1 0
2011 1763 3 0
1763 2012 6 0
2012 1764 3 0
1764 2013 7 0 0
2013 2014 1 0 0
2014 1765 2 0 0 0
1765 2015 5 0 0 0
2015 2016 1 0 0
2016 2017 2 0
2017 2018 4 0
2018 2019 4 0
2019 1768 1 0
1768 2020 6 0
2020 2021 1 0
2021 2022 3 0
2022 2023 1 0
2023 2024 3 0
2024 2025 1 0
2025 2026 2 0
2026 1745 3 0 0
1762 2006 3 0
2006 2005 4 0
2005 2004 1 0
2004 2003 1 0
2003 1761 1 0
1761 2027 1 0 0
2027 2028 1 0 0
2028 2029 2 0 0
2029 2030 2 0 0
2030 2031 2 0 0
2031 2032 2 0 0
2032 2033 1 0 0
2033 2034 2 0
2034 2035 4 0
2035 2036 3 0
2036 2037 3 0
2037 2038 4 0
2038 2039 3 0
2039 2040 3 0
2040 2041 2 0
2041 2042 2 0
2042 2043 1 0
2043 2044 1 0
2044 2045 2 0
2045 2046 4 0
2046 2047 2 0
2047 2048 1 0 0
2048 1756 1 0 0 0 0 0
1757 2049 3 0 0
2049 1758 1 0 0
1758 2050 3 0
2050 2051 2 0
2051 2052 2 0
2052 2053 2 0
2054 2055 4 0
2055 2056 5 0
2056 2057 8 0
2057 2058 4 0
2058 2059 5 0 0
2059 2060 3 0 0
2060 2061 1 0 0
2061 2062 4 0 0
2062 2063 1 0 0
2063 2048 3 0 0
1757 2064 2 0 0 0
2064 2065 4 0
2065 2066 2 0
2066 2067 2 0
2067 2068 3 0
2068 2069 4 0 0
2069 2070 3 0 0
2070 2071 4 0 0
2071 2072 7 0 0
2072 2073 4 0 0
2073 2074 3 0 0
2074 2075 5 0 0
2075 2076 7 0 0
2076 2077 5 0 0
2077 2078 3 0 0
2078 2079 2 0 0
2079 2080 5 0 0
2064 2081 4 0 0
2081 2082 8 0
2082 2068 5 0
1774 2083 5 0
2083 2084 4 0
2084 1775 2 0
1775 2085 3 0
2085 1776 4 0
1780 2086 1 0
2086 2087 2 0
2087 2088 2 0
2088 2089 2 0
2089 2026 1 0
2033 2032 2 0
2032 2031 2 0
2031 2030 1 0
2030 2029 1 0
2029 2028 1 0
2028 2027 1 0
2027 1761 1 0
1761 2090 2 0
2090 2091 4 0
1774 2012 4 0
2012 2092 2 0
2092 1764 1 0
2016 2093 2 0
2093 2094 3 0
2094 2095 4 0
2095 2096 1 0
2097 2098 1 0
2098 2099 1 0
2099 2100 2 0
2100 2026 3 0
2026 2101 1 0
2101 2102 1 0
2102 2103 1 0
2103 2104 2 0
2104 2105 1 0
2105 2106 3 0
2106 2107 1 0
2107 2108 2 0
2108 2109 1 0
2109 2110 2 0
2110 2111 2 0
2111 2112 3 0
2112 2113 3 0
2113 1883 1 0
1758 2114 3 0
2114 2115 3 0
2115 1759 2 0
1759 2116 2 0
2116 2117 2 0
2117 2118 4 0
2118 2119 2 0
2119 2120 2 0
2120 2121 2 0
2121 1760 2 0
1760 2122 3 0
2122 2123 3 0
2123 2001 2 0
2005 2124 3 0
2124 2125 1 0
2125 2126 5 0
2126 2127 6 0
2127 2128 3 0
2128 2129 2 0
2129 2130 4 0
2130 2131 3 0
2131 2132 2 0
2132 2133 2 0
2133 1765 1 0
1852 2134 1 0
2134 2135 2 0
2135 2136 1 0
2136 2137 3 0
2137 2138 3 0
2138 2139 1 0
2139 2140 1 0
2140 2141 4 0
2141 2142 1 0
2142 2143 2 0
2143 2144 2 0
2144 2145 2 0
2145 2146 2 0
2146 2147 2 0
2147 2148 1 0
2148 2149 2 0
2149 2150 1 0
2150 2151 2 0
2151 2152 5 0
2152 2153 3 0
2153 2154 2 0
2154 2155 3 0
2155 2091 2 0
2091 2090 3 0
2090 1761 3 0
2033 2156 6 0
2156 2157 3 0
2157 2158 3 0
2158 2159 3 0
2159 1814 2 0
1829 2160 7 0
2160 2161 5 0
2161 2162 4 0
2162 2163 4 0
2163 1806 5 0
1808 2164 3 0
2164 2165 1 0
2165 1809 2 0
1809 2166 3 0
2166 2014 1 0
2015 2167 2 0
2167 2168 1 0
2168 2169 3 0
2169 2170 6 0
2170 2171 2 0
2171 2172 6 0
2172 2173 3 0
2173 2174 4 0
2174 2151 5 0
2151 2150 2 0
2150 2149 1 0
2149 2148 3 0
2148 2147 1 0
1758 2175 9 0
2175 2176 4 0
2176 2177 4 0
2177 1995 6 0
1995 2178 3 0
2178 2152 4 0
2152 2151 5 0
2151 2147 6 0
2147 2145 4 0
2145 2144 2 0 0 0
2144 2141 5 0 0
2141 2179 4 0 0
2179 1852 12 0 0
1889 1882 9 0
1883 2180 9 0
2180 1667 10 0
1667 2181 5 0
2181 2182 7 0
2182 2183 4 0
2183 2184 6 0
2184 2185 8 0
2185 1591 6 0
2147 2146 1 0
2146 2145 2 0
2144 2186 7 0
2186 2187 3 0
2187 2188 3 0
2188 2189 5 0
2189 2190 4 0
2190 2191 3 0
2191 2192 3 0
2192 2193 1 0
2193 1995 7 0
2081 2194 9 0
2194 2195 2 0
2195 2196 2 0
2196 2197 4 0
2197 2198 4 0
2198 2199 12 0
2199 2200 5 0
2200 2201 8 0
2201 2202 5 0
2202 2203 8 0
1757 2067 10 0 0
2067 2070 10 0 0
2080 2204 2 0
2204 2205 4 0
2205 2206 4 0
2206 2207 5 0
2207 2208 3 0
2208 2209 3 0
2209 2210 2 0
2210 2211 3 0
2211 2212 1 0
2212 2213 2 0
2213 2214 1 0
2214 2215 1 0
2215 1951 4 0
2080 2216 1 0
2216 2217 1 0
2217 2218 3 0
2218 2219 1 0
2219 2220 3 0
2220 2221 4 0
2221 2222 7 0
2222 2223 4 0
2223 2224 3 0
2224 2225 6 0
2225 2226 3 0
2226 2227 1 0
2227 2228 2 0
2228 2229 2 0
2229 2230 3 0
2230 2231 6 0
2231 2232 3 0
2232 2233 1 0
2233 2234 3 0
2234 2235 3 0
2235 2236 5 0
2236 2237 2 0
2237 2238 2 0
2238 2239 2 0
2239 2240 2 0
2240 2241 3 0
2241 2242 2 0
2208 2243 2 0
2243 2244 1 0
2244 2245 1 0
2245 2246 1 0
2246 2247 2 0
2247 2248 1 0
2248 2249 2 0
2249 2250 1 0
2250 2251 5 0
2251 2252 2 0
2252 2253 4 0
2253 2254 1 0
2254 2255 3 0
2255 2256 2 0
2256 2257 5 0
2257 2258 1 0
2258 1973 2 0
1814 2259 3 0 0
2259 2260 4 0
2260 2261 5 0
2261 2262 2 0
2262 2263 8 0
2263 2264 11 0
2264 2265 5 0
2265 2266 4 0
2266 2063 11 0
2063 1756 3 0 0
2070 2267 2 0
2267 2268 2 0
2268 2269 5 0
2269 2270 4 0
2270 2271 2 0
2271 2272 2 0
2272 2273 3 0
2273 2274 2 0
2274 2275 4 0
2275 2276 3 0
2276 2277 3 0
2277 2278 3 0
2278 2279 4 0
2279 2280 3 0
2280 2281 6 0
2281 2282 7 0
2282 2283 5 0
2283 2284 8 0
2284 2285 2 0 0
2285 2286 5 0 0
2286 2287 2 0
2287 2288 4 0
2288 2289 6 0
2289 2290 3 0
2290 2291 3 0
2291 2292 5 0
2292 2293 7 0
2293 2294 11 0
2294 2295 3 0
2295 2296 3 0
2296 2297 8 0
2297 2298 4 0
2298 2299 4 0
2299 2300 4 0
2300 2301 3 0
2301 2302 3 0
2302 2303 2 0
2303 2304 3 0
2304 2305 4 0
2305 2306 3 0
2306 2307 4 0
1757 1756 1 0 0 0
1756 2308 3 0 0
2308 2309 2 0 0
2309 2310 6 0 0
2310 2311 5 0
2311 2312 5 0
2312 2313 6 0
2313 2314 7 0
2314 2315 7 0
2315 2316 2 0
2316 2317 5 0
2317 2318 2 0
2318 2319 4 0
2319 2320 4 0
2320 2321 6 0
2321 2322 3 0
2322 2323 4 0
2323 2324 4 0
2324 2325 4 0
2325 2326 4 0
2326 2284 8 0
2285 2327 8 0
2327 2328 4 0
2328 2329 7 0
2329 2330 5 0
2330 2331 4 0
2331 2332 6 0
2332 2333 7 0
2333 2334 6 0
2334 2335 4 0
2335 2336 4 0
2336 2337 6 0
2337 2338 1 0
2338 2339 3 0
2339 2340 5 0
2340 2341 3 0 0
2341 2342 5 0 0
2342 2343 3 0 0
2343 2344 3 0 0
2344 2345 4 0 0
2345 2346 3 0 0
2346 2347 2 0 0
2347 2348 8 0
2348 2349 3 0
2349 2350 16 0
2350 2351 7 0
2351 2352 4 0
2310 2353 5 0
2353 2354 6 0
2354 2355 7 0
2355 2356 5 0
2356 2357 2 0
2357 2358 4 0
2358 2359 8 0
2359 2360 7 0
2360 2361 5 0
2361 2362 5 0
2362 2363 3 0
2363 2364 5 0
2364 2365 7 0
2365 2366 4 0
2366 2367 4 0
2367 2368 5 0
2368 2369 4 0
2369 2370 5 0
2370 2371 10 0
2371 2372 7 0
2372 2373 4 0
2373 2374 3 0
2374 2375 2 0
2375 2376 4 0
2376 2377 4 0
2377 2378 6 0
2378 2379 4 0
2379 2380 4 0
2380 2381 3 0
2381 2382 3 0
2382 2383 7 0
2383 2384 5 0
2384 2385 6 0
2385 2386 3 0
2386 2387 4 0
2388 2389 3 0
2389 2390 2 0
2390 2391 2 0
2391 2392 3 0
2392 2393 2 0
2393 2358 2 0
2358 2394 3 0
2394 2395 3 0
2395 2396 6 0
2396 2397 5 0
2397 2398 2 0
2398 2399 2 0
2399 2400 3 0
2400 2401 5 0
2401 2314 5 0
2402 2403 2 0
2403 2404 2 0
2404 2405 3 0
2405 2406 1 0
2406 2407 2 0
2407 2408 2 0
2408 2409 2 0
2409 2410 1 0
2410 2411 3 0
2411 2412 2 0
2412 2413 3 0
2413 2319 5 0
2319 2318 4 0
2318 2316 7 0
2316 2315 2 0
2315 2314 7 0
2414 2415 3 0
2415 2416 6 0
2416 2417 8 0
2417 2418 2 0
2418 2419 4 0
2419 2420 5 0
2420 2421 5 0
2421 2422 4 0
2422 2423 2 0
2423 2324 4 0
2424 2329 1 0
2329 2425 6 0
2425 2426 3 0
2426 2427 3 0
2427 2428 3 0
2429 2430 2 0 0
2430 2431 3 0 0
2431 2432 5 0 0
2432 2433 3 0
2433 2434 8 0
2434 2054 10 0 0
2054 2058 21 0
2058 2063 15 0
1756 2063 3 0
2063 2435 18 0
2435 2436 4 0
2436 2437 1 0
2437 2438 2 0
2438 2439 2 0
2439 2440 2 0
2440 2441 8 0
2441 2442 2 0
2442 2263 3 0
2263 2443 5 0
2443 2444 5 0
2444 2033 5 0
2033 1761 11 0 0
2445 2446 4 0
2446 2447 7 0
2447 2448 2 0
2448 2429 1 0
2432 2434 13 0
2449 2450 5 0
2450 2451 3 0
2451 2452 5 0
2452 1815 5 0
1815 1814 9 0
1814 2033 17 0
1761 2151 21 0
2151 2145 6 0
2145 2145 4 0
2259 2453 8 0
2453 2454 2 0
2454 2455 3 0
2455 2456 5 0
2456 2457 2 0
2458 2459 4 0
2459 2460 9 0
2460 2461 7 0
2461 2462 6 0
2462 2463 9 0
2463 2464 7 0
2464 2465 4 0
2465 2466 7 0
2466 1818 12 0
1819 2467 7 0 0
2467 1761 10 0
2467 2033 9 0
2033 2038 16 0
2038 1756 20 0
828 1102 6 0
1102 829 8 0
840 2468 7 0
2468 2469 6 0
2469 2470 6 0
2470 2471 13 0
2471 2472 10 0
2472 2473 10 0
2473 2474 7 0
2474 2475 16 0
2475 969 8 0
969 2476 2 0 0
2476 2477 1 0
2477 2478 1 0
2478 2479 1 0
2479 2480 1 0
2480 2481 1 0
2481 2482 1 0
2482 2483 3 0 0 0
2483 2484 2 0 0
2484 2485 1 0 0
2485 2486 2 0 0
2486 2487 3 0 0
2487 2488 2 0 0
2488 2489 4 0 0
2489 2490 4 0
2490 2491 3 0
2471 2492 1 0 0
2492 2493 0 0 0
2493 2494 1 0 0
2494 2495 1 0 0
2495 2496 1 0 0
2496 2497 2 0 0
2497 2498 3 0 0
2498 2499 1 0 0
2499 2500 1 0 0
2500 2501 1 0 0
2501 2502 1 0 0
2502 2503 1 0
2503 2504 5 0
2504 2505 8 0
2505 2506 1 0
2502 2504 6 0
2504 2507 4 0
2508 2509 2 0
2509 2510 1 0
2510 2511 4 0 0
2511 2475 3 0 0
2475 2512 3 0 0
2512 2477 2 0 0
2477 969 3 0 0
1155 1422 14 0
1422 1002 56 0
969 2513 2 0 0
2513 2514 0 0
2514 2515 1 0
2515 2516 7 0
2516 2517 2 0
2517 2518 6 0
2518 2519 2 0
2519 2520 3 0
2520 2521 4 0
2521 2522 5 0
2522 2523 3 0
2523 1002 3 0
1097 1096 2 0
1096 2524 7 0
2524 2525 8 0
2525 2526 4 0
2526 2527 4 0
2527 2528 4 0
2528 2529 4 0
2529 2530 5 0
2530 2531 2 0
2531 2532 5 0
2532 2533 3 0
2533 2534 5 0
2534 2535 7 0
2535 2536 8 0
2536 2537 7 0
2537 2538 6 0
2538 2539 5 0
2539 2510 5 0
1102 2540 2 0
2540 2541 2 0
2541 2542 1 0
2542 2543 1 0
2543 2544 2 0
2544 2545 2 0
2545 2546 1 0
2546 2547 2 0
2547 2548 2 0
2548 2549 1 0
830 2550 3 0
2550 2551 4 0
2551 2552 2 0
2552 2553 1 0
2553 2554 2 0
2554 2555 2 0
2555 2556 5 0
2556 2557 7 0
2557 2558 5 0
2558 2559 5 0
2559 2560 4 0
2560 2561 5 0
2561 2562 4 0
2562 2563 7 0
2563 2564 7 0
2564 2565 3 0
2565 2566 4 0
2566 2567 5 0
2567 2568 4 0
2568 2569 2 0 0
2569 2570 1 0
2570 2571 3 0
2571 2572 2 0
2572 2573 3 0
2573 2574 3 0
2574 2575 4 0
2575 2576 7 0
2576 2577 7 0
2577 2578 4 0
2578 2579 4 0
2579 2580 2 0
2580 2581 3 0
2581 2582 3 0
2560 2583 5 0
2583 2584 1 0
2584 2585 4 0
2585 2586 4 0
2586 2587 7 0
2587 2588 2 0
2588 2589 3 0
2589 2590 3 0
2590 2591 1 0
2591 2592 1 0
2568 2567 4 0
2567 2566 5 0
2566 2565 4 0
2565 2593 4 0
2593 2594 5 0
2594 2595 3 0
2595 2596 2 0
2596 2597 4 0
2597 2598 3 0
2598 2599 3 0
2599 2600 4 0
2600 2601 3 0
2601 2602 5 0
2602 2603 4 0
2603 2604 4 0
2604 2605 1 0
2605 2606 1 0
2606 2607 2 0
2607 2608 3 0
2608 2609 10 0
2609 2610 1 0
2608 2611 3 0
2611 2612 2 0
2612 2613 1 0
2613 2614 2 0
2614 2615 2 0
2615 2616 3 0
2616 2617 2 0
2617 2618 2 0
2632 2631 5 0
2631 2633 3 0
2633 2634 2 0
2634 2635 1 0
2635 2636 1 0
2636 2637 1 0
2637 2638 1 0
2638 2639 2 0
2627 2640 4 0
2640 2641 3 0
2641 2642 5 0
2568 2643 6 0
2643 2644 3 0
2644 2645 3 0
2645 2646 4 0
2646 2647 2 0
2647 2648 2 0
2648 2649 4 0
2649 2650 7 0
2650 2651 3 0
2651 2652 3 0
2652 2531 4 0
2531 2653 6 0
2653 2654 4 0
2654 2655 6 0
2655 2656 4 0
2656 2470 6 0
2470 2657 5 0
2657 2658 5 0
2658 2659 3 0
2659 2660 3 0
2660 2661 2 0
2661 2662 2 0
2662 738 4 0
2568 2663 0 0
2663 2664 0 0
2664 2665 0 0
2665 2666 1 0
2666 2667 0 0
2667 2668 1 0
2668 2669 0 0
2669 2670 1 0
2670 2671 0 0
2671 2672 1 0
2672 2673 0 0
2673 2674 1 0
2674 2675 0 0
2675 2676 1 0
2676 2677 0 0
2677 2678 1 0
2678 2679 1 0
2679 2680 1 0
2680 2681 1 0
2681 2682 0 0
2682 2683 2 0
2683 2684 2 0
2684 2685 2 0
2685 2686 4 0
2686 2687 2 0
2687 2688 0 0 0
2577 2576 13 0 0
2576 2689 2 0
2689 2690 2 0
2690 2691 1 0
2691 2692 1 0
2692 2693 2 0
2693 2694 1 0
2694 2695 2 0
2695 2696 1 0
2696 2697 2 0
2697 2698 1 0
2698 2699 2 0
2699 2687 3 0
2569 2700 4 0
2700 2701 1 0
2701 2702 1 0
2702 2703 1 0
2703 2704 4 0
2704 2705 5 0
2705 2706 1 0
2706 2707 1 0
2707 2708 3 0
2708 2709 6 0
2709 2710 2 0
2710 2711 5 0
2711 2712 6 0
2712 2713 5 0
2713 2714 3 0
2714 2715 1 0
969 2512 4 0
2512 2716 1 0
2716 2717 2 0
2717 2718 2 0
2718 2719 3 0
2719 2720 2 0
2720 2721 2 0
2721 2722 4 0
2722 2723 6 0
2723 2724 3 0
2724 2725 4 0
2725 2726 5 0
2726 2727 2 0
2727 2728 4 0
2728 2729 6 0
2729 2730 16 0
2730 2731 4 0
2731 2732 3 0
2732 2733 3 0
2733 2568 5 0
969 2479 5 0
2479 2482 3 0 0
2483 2487 8 0
2487 2491 13 0
2491 2734 3 0
2734 2735 2 0
2735 2736 3 0
2736 2728 8 0
2748 2749 72 0
2476 2479 4 0
2489 2737 4 0
2737 2738 3 0
2738 2739 5 0
2739 2740 5 0
2740 2741 7 0 0
2741 2742 4 0 0
2742 2743 5 0 0
2743 2744 4 0 0
2744 2745 5 0 0
2745 2746 4 0 0
2746 2747 5 0 0
2747 2748 2 0 0
2748 2750 3 0 0
2750 2751 2 0 0
2751 2582 4 0 0
2582 2581 3 0
2581 2580 3 0
2580 2579 2 0
2579 2578 4 0
2578 2577 4 0 0
2576 2575 7 0
2575 2574 4 0
2574 2573 3 0
2573 2572 3 0
2572 2571 2 0
2571 2570 3 0
2570 2569 1 0
2569 2568 2 0
2582 2752 2 0
2752 2753 2 0
2753 2754 1 0
2754 2755 4 0
2755 2756 1 0
2756 2757 4 0
2757 2758 4 0
2758 2759 5 0
2759 2715 4 0
2715 2760 6 0
2760 2761 2 0
2761 2762 2 0
2762 2763 2 0
2763 2764 2 0
2764 2765 4 0
2765 2766 4 0
2766 2767 3 0
2767 2768 4 0
2780 2781 4 0
2781 2782 4 0
2782 2783 3 0
2783 2784 4 0
2784 2785 8 0
2785 2786 4 0
2786 2787 6 0
2787 2788 1 0
2788 2779 4 0
2779 2789 7 0 0
2789 2790 3 0 0
2790 2791 1 0 0
2791 2792 6 0 0
2792 2793 2 0 0
2793 2794 3 0 0
2794 2795 3 0
2795 2796 6 0
2796 2797 4 0
2769 2770 2 0 0
2770 2582 2 0 0
2582 2771 8 0
2771 2772 4 0
2772 2773 2 0
2773 2774 3 0
2774 2775 6 0
2775 2776 5 0
2776 2777 2 0
2777 2778 3 0
2778 2779 2 0
2794 2798 3 0
2798 2799 2 0
2799 2800 3 0
2800 2801 3 0
2801 2802 1 0
2743 2803 6 0
2803 2804 4 0
2804 2578 2 0
2805 2806 2 0 0
2806 2807 2 0
2807 2808 2 0
2808 2809 2 0
2809 2810 3 0
2810 2811 9 0
2811 2812 6 0
2812 2813 6 0
2813 2814 3 0
2814 2815 3 0
2815 2816 1 0
2816 2817 3 0
2817 2818 3 0
2818 2819 7 0
2819 2820 2 0
2820 2821 2 0
2821 2822 4 0
2822 2823 2 0 0 0
2824 2825 3 0
2825 2826 4 0
2826 2827 3 0
2827 2828 2 0
2828 2829 3 0
2829 2830 1 0
2582 2751 4 0
2751 2750 2 0 0
2750 2749 8 0 0
2749 2831 9 0 0
2831 2832 5 0 0
2832 2833 3 0 0
2833 2784 2 0 0
2784 2783 4 0 0
2783 2782 3 0 0
2782 2781 4 0 0
2781 2780 4 0 0
2841 2842 3 0 0
2842 2822 2 0 0
2823 2843 4 0 0
2843 2844 6 0 0
2844 2845 7 0 0
2845 2797 7 0 0
2797 2846 3 0
2846 2847 3 0
2847 2848 2 0
2848 2849 8 0
2849 2850 2 0
2780 2834 6 0
2834 2835 5 0
2835 2824 6 0
2824 2836 8 0
2836 2837 6 0
2837 2838 2 0
2838 2839 8 0
2839 2840 7 0
2780 2841 2 0
2806 2851 2 0
2851 2852 4 0
2852 2853 4 0
2853 2854 1 0
2854 2855 2 0
2855 2856 4 0
2856 2857 2 0
2857 2858 2 0
2858 2859 3 0
2859 2860 3 0
2860 2861 4 0
2861 2862 7 0
2862 2863 4 0
2863 2835 3 0
969 2864 3 0
2864 2865 7 0
2865 2866 3 0
2866 2867 2 0
2867 2868 5 0
2868 2869 4 0
2869 2870 5 0
2870 2871 5 0
2871 2872 3 0
2872 2873 2 0
2873 2874 5 0
2874 2875 6 0
2875 2876 5 0
2876 2877 4 0
2877 2878 2 0
2878 2879 5 0
2879 2880 2 0
2880 2805 4 0
2889 2890 3 0 0
2890 2891 3 0
2891 2892 2 0
2892 2893 7 0
2893 2894 3 0
2894 2885 4 0
2885 2886 5 0
2886 2887 2 0
2887 2888 2 0
2888 2874 7 0
2895 2896 6 0
2896 2897 3 0
2897 2898 5 0
2898 2899 4 0
2899 2900 4 0
2900 2901 6 0
2901 2902 3 0
2902 2903 5 0
2903 2904 4 0
2904 2905 6 0
2905 2853 9 0
2853 2852 4 0
2852 2851 4 0
2851 2806 2 0
2806 2805 2 0
2895 2906 6 0 0
2906 2907 4 0 0
2907 2908 2 0 0
2908 2909 4 0
2909 2910 6 0
2910 2911 5 0
2911 2912 5 0
2912 2913 8 0
2913 2914 3 0
2914 2915 4 0
2915 2916 2 0
2916 2917 2 0
2918 2919 0 0 0
2919 2920 5 0 0
2920 2921 4 0 0
2921 2922 5 0 0
2922 2923 5 0 0
2923 2924 1 0
2924 2925 5 0
2925 2926 1 0
2926 2927 5 0
2889 2928 7 0
2928 2929 12 0
2929 2930 7 0
2930 2931 4 0
2931 2932 3 0
2932 2918 4 0
2923 2933 4 0
2933 2934 4 0
2934 2935 9 0
2935 2936 4 0
2936 2895 6 0
1402 2937 5 0 0 0
2937 2938 6 0 0 0
2938 2939 3 0 0 0
2939 2940 2 0 0 0
2940 2941 6 0 0 0
2941 2942 5 0
2942 2943 7 0
2943 2944 3 0
2944 2945 6 0
2945 2946 4 0
2946 2947 6 0
2947 2948 3 0
2948 2949 5 0
2949 2895 8 0
2950 2951 2 0
2951 2952 2 0
2952 2953 5 0
2953 2954 5 0
2954 2955 1 0
2955 2956 4 0
2956 2957 3 0
2957 2958 2 0
2958 2959 1 0
2959 2960 3 0
1402 2961 8 0 0
2961 2962 6 0 0
2962 2963 8 0 0
2963 2964 3 0
2964 2965 5 0
2965 2966 7 0
2966 2967 8 0
2967 2920 5 0
2920 2968 3 0
2968 2969 7 0
2969 2970 5 0
2970 2971 6 0
2971 2972 7 0
2972 2973 6 0
2973 2805 6 0
2941 2974 1 0 0
2974 2975 7 0 0
2975 2976 7 0
2976 2977 3 0
2977 2978 2 0
2978 2979 3 0
2979 2980 1 0
2980 2981 3 0
2982 2983 3 0
2983 2984 3 0
2984 2985 7 0
2985 2986 6 0
2986 2987 7 0
2987 2988 6 0
2988 2989 7 0
2989 2990 3 0
2990 2991 4 0
2991 2992 10 0
2992 2993 1 0
2993 2994 1 0
2994 2995 5 0
2995 2996 4 0
2996 2997 1 0
2997 2998 4 0
2998 2999 1 0
2999 3000 4 0
3000 2960 2 0
2984 3010 15 0
3010 3011 11 0 0
3011 3012 14 0 0
3012 3013 7 0 0
3013 3014 3 0 0
3014 3015 9 0 0
3015 3016 6 0 0
3016 3017 3 0 0
3017 3018 11 0 0
2975 3001 6 0
3001 3002 4 0
3002 3003 7 0
3003 3004 5 0
3004 3005 5 0
3005 3006 6 0
3006 3007 4 0
3007 3008 3 0
3008 3009 7 0
3009 2984 6 0
2984 2983 3 0
2983 2982 3 0
3019 3020 5 0
3020 3021 3 0
3021 3022 4 0
3022 3023 4 0
3023 3024 3 0
3024 3025 4 0
3025 3026 6 0
3026 3027 5 0
3027 3001 3 0
3028 3029 2 0
3029 3030 2 0
3030 3031 1 0
3031 3032 2 0
3032 3033 2 0
3033 3034 7 0
3034 3035 1 0
3035 3036 3 0
3036 3037 5 0
3037 3038 3 0
3038 3005 2 0
3039 3040 8 0
3040 3041 5 0
3041 3042 4 0
3042 3043 3 0
3043 3044 7 0
3044 3045 4 0
3045 3046 6 0
3046 3028 4 0
3028 3047 4 0
3047 3048 3 0
3048 3049 7 0
3049 2982 6 0
2963 3050 1 0
3050 3051 1 0
3051 3052 4 0
3052 3053 2 0
3053 3054 2 0
3054 3055 2 0
3055 3056 2 0
3056 3057 2 0
3057 3058 1 0
3058 3059 4 0
3059 3060 1 0
3060 3061 3 0
2963 3062 8 0
3062 3063 7 0
3063 3064 6 0
3064 3065 5 0
3065 3066 2 0
3066 2928 6 0
2928 2889 7 0
2889 3067 8 0
3067 2881 6 0
2881 3068 8 0
3068 3069 4 0
3069 3070 2 0
3070 3071 4 0
3071 3072 4 0
3072 3073 4 0
3073 1002 6 0
2513 3074 1 0
3074 2864 0 0
2864 3075 3 0
3075 3076 2 0
3076 3077 3 0
3077 3078 3 0
3078 3079 4 0
3079 3080 3 0
3080 3081 4 0
3081 3068 6 0
3068 2881 8 0
3082 3083 4 0
3083 3084 5 0
3084 3085 4 0
3085 3086 3 0
3086 3087 4 0
3087 3088 3 0
3088 3089 4 0
3089 2889 3 0
3090 3091 6 0
3091 3092 7 0
3092 3093 6 0
3093 3094 1 0
3094 3095 3 0
3095 3096 2 0
3096 3097 1 0
3097 3098 4 0
3098 3099 2 0
3099 3100 3 0
3100 3071 2 0
3101 3102 4 0
3102 3103 2 0
3103 3104 2 0
3104 3105 2 0
3105 3106 4 0
3106 3107 1 0
3107 3071 4 0
1473 3108 8 0
3108 3109 5 0
3109 3110 5 0
3110 3111 4 0
3111 3112 4 0
3112 3113 6 0
3113 1388 6 0
1388 3114 7 0
3114 3115 4 0
3115 3116 7 0
3116 3117 4 0
3117 3118 9 0
3118 3119 2 0
3119 3120 4 0
3120 3121 2 0
3121 3122 2 0
3122 3123 2 0
3123 3124 4 0
3124 3125 3 0
3125 1002 10 0
3126 3127 1 0
3127 3128 1 0
3128 3129 2 0
3129 3130 1 0
3130 3131 1 0
3131 1002 2 0
1002 3132 1 0
3132 3133 1 0
3133 3134 1 0
3134 3135 1 0
3135 1348 1 0
3110 3136 6 0
3136 3137 4 0
3137 3138 5 0
1398 3139 6 0
3139 3140 2 0
3140 3141 3 0
3141 3142 7 0
3142 3143 3 0
3143 3144 5 0
3144 3145 5 0
3145 3146 3 0
3146 3147 2 0
3147 3066 3 0
1473 3148 5 0 0
3148 3149 3 0 0
3149 3150 3 0
3150 3151 3 0
3151 3152 4 0
3152 3153 4 0
3153 3154 5 0
3154 3155 4 0
3155 3156 4 0
3156 3157 3 0
3157 3158 4 0
3158 3159 4 0
3159 3160 3 0
3160 3161 2 0
3161 3162 12 0
3162 3163 7 0
3163 3164 3 0
3149 3165 4 0
3165 3166 3 0
3166 3167 2 0
3167 3168 3 0
3168 3169 10 0
3169 3170 3 0
3170 3171 5 0
3171 3172 6 0
3172 3173 5 0
3173 3174 4 0
3174 3175 8 0
3175 3176 4 0
3176 3177 4 0
3177 3178 2 0
3178 3179 3 0
3179 1402 6 0
1402 3179 6 0
3179 3178 3 0
3178 3177 2 0
3177 3180 3 0
3180 3181 8 0
3181 3182 3 0
3182 3183 6 0
3183 3184 7 0
1877 3185 28 0
3185 3186 8 0 0
3186 3187 10 0
3187 3164 5 0 0
3164 3163 3 0
3163 3162 7 0
3162 3161 12 0
3161 3160 2 0
3160 3159 3 0
3159 3158 4 0
3158 3188 3 0
3188 3189 6 0
3189 3190 10 0
3190 3191 5 0
3191 3192 3 0
3192 3193 7 0
3193 3194 4 0
3194 3195 3 0
3195 3184 5 0
3184 3196 5 0
3196 3197 4 0
3197 3198 5 0
3198 3199 4 0
3199 3019 3 0
3200 3201 5 0
3201 3202 6 0
3202 3203 4 0
3203 3204 3 0
3204 3205 4 0
3205 3206 11 0
3206 3207 4 0
3207 3208 4 0
3208 3209 3 0
3209 3039 2 0
3039 3210 5 0
3210 3211 3 0
3211 3212 4 0
3212 3213 3 0
3213 3214 3 0
3214 3019 11 0
3019 3215 5 0
3215 3216 5 0
3216 2938 5 0
2938 2937 7 0
2937 1402 6 0
3214 3217 1 0
3217 3218 3 0
3218 3219 2 0
3219 3220 3 0
3220 3221 1 0
1877 3222 4 0 0
3222 3223 3 0 0
3223 3224 3 0 0
3224 3225 3 0
3225 3226 5 0
3226 3227 3 0
3227 3228 5 0
3228 3229 3 0
3229 3200 25 0
3200 3230 10 0 0
3230 3231 4 0 0
3231 3232 13 0 0
3232 3233 8 0 0
3233 3234 5 0 0
3234 3235 16 0 0
1876 3236 5 0
3236 3237 3 0
3237 3238 7 0
3238 3185 9 0
3186 3239 4 0
3239 3187 6 0
3164 3240 6 0
3240 1437 14 0
1876 1875 4 0
1875 1874 4 0
1437 3240 14 0
3240 3164 6 0
3164 3241 15 0
3241 3242 11 0
3242 3243 3 0
3243 3244 12 0
3244 3200 20 0
3235 3245 14 0
3245 3246 5 0
3246 3247 10 0
3247 3248 7 0
3248 3249 7 0
3249 3250 6 0
3250 3251 5 0
3251 3252 2 0
3252 3253 4 0
3253 3254 3 0
3254 3255 3 0
3255 3256 4 0
3256 3257 4 0
3257 3258 5 0
3258 3259 2 0
3259 3260 13 0
3260 3261 6 0
3261 2352 4 0
3235 3262 8 0
3262 3263 3 0
3263 3264 1 0
3264 3265 2 0
3265 3266 2 0
3266 3267 2 0
3267 3268 2 0
3268 3269 3 0
3269 3270 4 0
3224 3271 3 0
3271 3272 3 0
3272 3273 4 0
3273 3274 4 0
3274 3275 6 0
3275 3276 6 0
3276 3277 3 0
3277 3278 6 0
3278 3279 6 0
3279 3280 7 0
3280 3281 5 0
3281 3282 4 0
3282 3283 11 0
3283 3284 7 0
3284 3285 5 0
3285 3286 4 0
3286 3287 3 0
3287 3288 3 0 0
3288 3289 4 0
3289 3290 4 0
3290 3291 4 0
3291 3292 3 0
3292 3293 4 0
3293 3294 3 0
3294 3295 5 0
3295 1987 2 0
3288 3287 3 0
3287 1964 59 0
2286 3296 5 0
3296 3297 4 0
3297 3298 2 0
3298 3299 2 0
3299 3300 3 0
3300 3301 5 0
3301 3302 4 0
3302 3303 7 0
3303 3304 6 0
3304 3305 3 0
3305 3306 3 0
3306 2242 3 0
2242 3307 3 0 0
3307 3308 3 0
3308 3309 2 0
3309 3310 3 0
3310 3311 3 0
3311 3312 3 0
3312 3313 4 0
3313 3314 3 0
3314 3315 5 0
3315 3316 3 0
3316 3317 6 0
3317 3318 4 0
3318 3319 3 0
3319 3320 2 0
3320 1985 5 0
1985 1987 13 0
3307 3321 4 0
3321 3322 3 0
3322 3323 2 0
3323 3324 4 0
3324 3325 5 0
3325 3326 6 0
3326 3327 3 0
3327 3328 8 0
3328 3329 15 0
3329 3330 7 0
3330 3331 1 0 0 0
3331 2352 8 0 0
2242 2241 2 0
2241 2240 3 0
2240 3332 2 0
3332 3333 4 0
3333 3334 5 0
3334 3335 1 0
3335 3336 3 0
3336 3337 2 0
3337 3338 5 0
3338 3339 4 0
3339 3340 1 0
3340 3341 3 0
1987 3342 6 0
3342 3343 4 0
3343 3344 2 0
3344 3345 6 0
3345 3346 3 0
3346 3347 7 0
3347 3348 4 0
3348 3349 18 0
3349 3350 13 0
3350 2352 3 0
1987 3351 2 0
3351 3352 4 0
3352 3353 2 0
3353 3354 7 0
3354 3355 3 0
3355 3356 4 0
3356 3357 3 0
3357 3358 3 0
3358 3359 3 0
3359 3360 4 0
3360 3361 7 0
3361 3362 3 0
3362 3363 1 0
3363 3364 3 0
3364 3365 3 0
3365 3366 3 0
3366 3367 7 0
3367 3368 4 0
3368 3253 4 0
3348 3369 4 0
3369 3370 2 0
3370 3371 2 0
3371 3372 2 0
3372 3373 3 0
3373 3374 1 0
3374 3375 5 0
3375 3376 3 0
3376 3360 3 0
3348 3377 5 0
3377 3378 11 0
3378 3379 2 0
3379 3380 4 0
3380 3381 5 0
3381 3259 5 0
3363 3382 1 0
3382 3383 3 0
3383 3384 3 0
3384 3385 2 0
3385 3386 2 0
3386 3378 4 0
3378 3387 1 0
3387 3388 3 0
3388 3389 2 0
3389 3390 2 0
3390 3391 1 0
3391 3392 2 0
3392 3349 4 0
1987 3393 3 0
3393 3394 7 0
3394 3395 4 0
3395 3396 3 0
3396 3397 3 0
3397 3398 3 0
3398 3399 3 0
3399 3400 3 0
3400 3401 3 0
3401 3402 6 0
3402 3403 5 0
3403 3404 10 0
3404 3405 7 0
3405 3406 7 0
3406 3407 5 0
3407 3408 7 0
3408 3409 4 0
3409 3410 3 0
3410 3411 6 0
3411 3412 3 0
3412 3235 11 0
3348 3413 2 0
3413 3414 5 0
3414 3415 4 0
3415 3416 2 0
3416 3417 3 0
3417 3418 2 0 0
3418 3419 3 0 0
3419 3420 4 0 0
3420 3421 9 0
3421 2352 6 0
2352 3261 4 0
3261 3422 4 0
3422 3423 3 0
3423 3424 3 0
3424 3425 2 0
3425 3426 4 0
3426 3427 2 0
3427 3259 2 0
3259 3428 1 0
3428 3429 4 0
3429 3430 2 0
3430 3431 4 0
3431 3432 3 0
3432 3433 2 0
3433 3434 6 0
3435 3436 4 0
3436 3437 4 0
3437 3438 2 0
3438 3439 3 0
3439 3440 3 0
3440 3441 8 0
3441 3442 5 0
3442 3443 3 0
3443 3444 4 0
3444 3445 2 0
3445 3446 2 0
3446 3447 4 0
3447 3448 1 0
3448 3449 5 0
3449 3450 2 0
3450 3451 1 0
3451 3452 8 0
3452 3453 7 0
3453 3454 3 0
3454 3455 13 0
3456 3457 2 0
3457 3458 2 0
3458 3459 2 0
3459 3460 2 0
3460 3461 1 0
3461 3462 2 0
3462 3463 3 0
3463 3464 1 0
3464 3465 1 0
3465 3466 1 0
3466 3467 1 0
3467 3468 2 0
3468 3469 2 0
3469 3430 1 0
3430 3429 2 0
3429 3428 4 0
3428 3259 1 0
3331 3470 2 0
3470 3471 3 0
3471 3472 2 0
2307 3473 3 0
3473 3474 4 0
3474 3475 5 0
3475 3476 6 0
3476 3477 2 0
3477 3478 4 0
3478 3479 4 0
3479 3330 2 0
3331 3480 2 0 0
3480 3481 2 0 0
3481 2352 4 0 0
2352 3482 1 0 0 0
3482 3483 1 0 0 0
3483 3484 1 0 0 0
3484 3485 1 0 0 0
3485 3486 1 0 0
3486 3487 3 0 0
3487 3488 1 0 0
3488 3489 1 0 0
3489 3490 2 0 0
3490 3491 2 0 0
3491 3492 1 0
3492 3493 3 0
3493 3494 3 0
3494 3495 1 0
3495 3496 2 0
3496 3497 2 0
3497 3498 2 0
3498 3499 2 0
3499 3500 2 0
3328 3501 3 0
3501 3502 2 0
3502 3503 2 0
3503 3504 4 0
3504 3329 4 0
3329 3505 2 0
3505 3506 3 0
3506 3330 2 0
3491 3507 3 0
3507 3508 2 0
3508 3509 1 0
3509 3510 1 0
3435 3511 5 0
3511 3512 2 0
3512 3513 2 0
3513 3514 2 0
3514 3515 3 0
3515 3516 1 0
3516 3517 2 0
3517 3518 4 0
3518 3519 3 0
3519 3520 2 0
3520 3261 1 0
3261 3521 1 0
3521 3485 1 0
3485 3484 1 0 0 0
3484 3483 1 0 0 0
3483 3482 1 0 0 0
3482 2352 1 0 0 0
2352 3522 1 0
3522 3523 1 0
3523 3350 1 0
3350 3421 3 0
3421 3524 2 0
3524 3525 2 0
3525 3526 1 0
3526 3527 1 0
3527 3528 1 0
3528 3527 2 0
3527 3472 2 0
3259 3529 2 0 0
3529 3530 4 0 0
3530 3531 1 0 0
3531 3490 4 0 0
3490 3489 2 0 0
3489 3488 1 0 0
3488 3487 1 0 0
3487 3486 3 0 0
3486 3485 1 0 0
2352 2351 4 0 0 0 0
2351 3532 2 0 0 0
3532 2350 5 0 0
2350 3533 5 0 0
3533 3534 8 0 0
3534 2349 4 0 0
2349 3535 1 0 0
3535 2348 3 0 0
2348 3536 3 0
3536 2347 3 0
2347 2346 2 0
2346 3537 2 0
3537 3473 4 0
3473 2307 4 0
3420 3538 1 0
3538 3539 2 0
3539 3421 6 0
3421 3350 3 0
3350 3523 1 0
3523 3522 1 0
3522 2352 1 0
3485 3521 1 0
3521 3261 1 0
3348 3540 4 0
3540 3541 3 0
3541 3542 4 0
3542 3543 0 0
3543 3544 5 0
3544 3349 2 0
3349 3545 1 0
3545 3546 3 0
3546 3547 2 0
3547 3548 2 0
3548 3350 10 0
3532 3549 4 0
3549 3550 5 0
3550 3551 2 0 0
3551 3552 9 0 0
3552 3553 4 0
3553 3554 3 0
3554 3555 2 0
3517 3556 2 0
3556 3557 2 0
3557 3558 1 0
3558 3559 2 0
3559 3560 2 0
3560 3561 3 0
3561 3500 3 0
3500 3562 3 0
3562 3563 3 0
3563 3564 3 0
2352 3515 14 0
3515 3435 14 0
3435 3565 2 0
3565 3566 4 0
3566 3567 7 0
3567 3568 2 0
3568 3569 2 0
3569 3570 2 0
3570 3571 3 0
3571 3572 4 0
3572 3573 4 0
3573 3574 2 0
3574 3575 4 0
3575 3576 4 0
3576 3577 2 0
3577 3578 4 0
3578 3579 4 0
3579 3580 7 0
3580 3581 2 0 0 0 0
3434 3582 4 0
3582 3583 2 0
3584 3585 2 0
3585 3586 4 0
3586 3587 4 0
3587 3588 3 0
3588 3589 5 0
3589 3571 6 0
3575 3590 4 0
3590 3591 3 0
3591 3592 2 0
3592 3593 2 0
3593 3594 3 0
3594 3595 1 0
3595 3596 2 0
2351 3550 11 0
3552 3555 9 0
3555 3597 3 0
3597 3598 3 0
3598 3599 4 0
3599 3600 4 0
3600 3601 4 0
3601 3602 3 0
3602 3587 2 0
3587 3603 5 0
3603 3604 9 0
3604 3605 1 0
3605 3606 2 0
3606 3607 2 0
3607 3608 2 0
2346 3584 46 0
3584 3609 11 0
3609 3610 10 0
3610 3611 11 0
3611 3612 9 0
3612 3613 14 0
3613 3614 8 0
3614 3615 9 0
3615 3616 21 0
2347 3617 5 0
3617 3618 4 0
3618 3619 3 0
3619 3620 5 0
3620 3621 2 0
3621 3622 7 0
3622 3623 3 0
3623 3624 3 0
3624 3625 4 0
3625 3584 8 0
3584 3626 5 0
3626 3609 6 0
3609 3627 6 0
3627 3610 4 0
3610 3628 3 0 0 0 0
3628 3608 2 0 0 0 0
2346 3629 3 0
3629 3630 3 0
3630 3631 4 0
3631 3632 4 0
3632 3633 4 0
3633 3634 5 0
3634 3635 4 0
3635 3636 6 0
3636 3637 6 0 0
3637 3638 2 0 0
2338 3639 12 0
3639 3640 3 0
3640 3641 3 0
3641 3642 4 0
3642 3643 2 0
3643 3636 3 0
3638 3644 2 0
3644 3645 6 0
3645 3646 2 0
3646 3647 5 0
3647 3648 4 0
3648 3649 5 0
3649 3584 6 0
3648 3650 42 0
3651 3652 10 0 0
3652 3653 4 0 0
3653 3654 6 0 0
3654 3655 3 0 0 0
3655 3656 4 0 0 0
3656 3657 4 0 0 0
3657 3658 1 0 0 0
3658 3659 4 0 0 0
3659 3650 10 0 0 0
3650 3660 5 0 0
3660 3661 4 0 0
3661 3662 4 0 0
3662 3663 3 0 0
3663 3664 7 0 0
3664 3665 2 0 0
3665 3666 5 0 0
3666 3667 3 0 0
3667 3611 5 0 0
3611 3668 4 0 0 0
3668 3610 7 0
3608 3669 4 0 0 0 0
3669 3670 2 0 0 0
3670 3671 3 0 0 0
3671 3580 6 0 0 0
3581 3672 4 0 0 0
3672 3673 3 0 0
3673 3674 1 0 0
3674 3675 4 0 0
3675 3676 1 0
3676 3677 4 0
3677 3678 4 0
3678 3679 3 0
3679 3455 9 0 0
3455 3680 6 0
3680 3681 3 0
3681 3682 4 0
3682 3683 3 0
3683 3684 3 0
3684 3685 2 0
3685 3686 1 0
3686 3687 4 0
3687 3688 2 0
3688 3689 3 0
3689 3690 5 0
3690 3691 2 0
3691 3692 5 0
3692 3693 3 0
3693 3694 2 0
3694 3695 2 0
3613 3696 4 0
3696 3697 5 0
3697 3698 1 0
3698 3612 4 0
3612 3699 1 0
3699 3700 6 0
3700 3611 2 0
3668 3701 3 0 0
3701 3702 2 0 0
3702 3610 2 0 0
3581 3703 3 0 0
3703 3704 5 0 0
3704 3705 5 0 0
3705 3706 6 0 0
3706 3707 2 0 0
3707 3708 2 0 0
3708 3709 4 0 0
3709 3710 6 0 0
3710 3711 19 0 0 0
3711 3616 7 0 0 0
3675 3712 4 0
3712 3713 1 0
3713 3714 2 0
3714 3715 3 0
3715 3716 2 0
3716 3717 4 0
3717 3718 4 0
3718 3719 2 0 0
3719 3720 1 0 0
3720 3721 3 0
3721 3722 3 0
3722 3723 2 0
3724 3725 4 0
3725 3726 4 0
3726 3727 3 0
3727 3728 2 0
3728 3729 2 0
3729 3730 1 0
3730 3731 1 0
3731 3731 3 0
3731 3732 0 0 0
3732 3733 4 0 0
3733 3734 1 0 0
3734 3735 4 0
3735 3736 3 0
3736 3737 3 0
3737 3609 3 0
3648 3738 2 0
3738 3739 2 0
3739 3740 3 0
3740 3731 3 0
3734 3741 1 0
3741 3742 4 0
3742 3743 1 0
3743 3744 3 0
3744 3745 4 0
3745 3746 4 0
3746 3665 2 0
3665 3664 2 0
3747 3748 3 0 0
3748 3749 2 0 0
3749 3750 2 0 0
3750 3751 2 0 0
3751 3752 3 0 0
3752 3753 4 0 0
3753 3754 6 0
3754 3755 4 0
3755 3651 5 0
3756 3757 3 0
3757 3758 2 0
3758 3759 3 0
3759 3760 3 0
3760 3761 2 0
3761 3762 2 0
3762 3763 3 0
3763 3764 2 0
3764 3765 2 0
3765 3766 1 0
3766 3767 1 0
3767 3654 5 0
3768 3769 7 0 0
3769 3770 5 0
3770 3771 5 0
3771 3772 6 0
3772 3773 11 0
3773 3659 2 0
3650 3774 6 0
3774 3775 7 0
3775 3776 4 0
3776 3777 5 0
3777 3778 4 0
3778 3779 12 0
3779 3780 5 0
3780 3781 3 0
3781 3782 3 0
3782 3783 4 0 0
3783 3784 5 0
3784 3785 3 0
3785 3786 2 0
3786 3787 4 0
3787 2337 2 0
3659 3788 1 0
3788 3789 3 0
3789 3790 3 0
3790 3791 3 0
3791 3792 3 0
3792 3793 2 0
3793 3794 2 0
3794 3795 3 0
3795 3796 2 0
3796 3797 2 0
3797 3798 3 0
3798 3799 3 0
3799 3800 2 0
3800 3801 2 0
3753 3802 2 0
3802 3803 3 0
3803 3804 5 0
3804 3805 3 0
3805 3806 7 0
3806 3807 7 0
3807 3808 4 0
3808 3809 2 0
3809 3810 2 0
3810 3811 2 0
3811 3812 4 0
3812 3769 3 0
3769 3768 7 0
3769 3813 3 0
3813 3814 7 0
3814 3815 4 0
3815 3816 1 0
3816 3817 6 0
3817 3818 4 0
3818 3819 4 0
3819 3820 4 0
3820 3821 5 0
3821 3822 2 0
3822 3823 2 0
3823 3824 3 0
3824 3825 4 0
3664 3826 6 0 0
3826 3827 2 0 0
3827 3828 2 0 0
3828 3829 3 0 0
3829 3825 5 0 0
3825 3830 5 0
3830 3831 3 0
3831 3832 2 0
3832 3833 3 0
3833 3834 7 0
3834 3835 6 0
3835 3836 6 0
3836 3837 2 0
3837 3838 1 0
3838 3616 5 0
3608 3628 2 0
3628 3610 3 0
3610 3702 2 0
3702 3701 2 0
3701 3668 3 0
3668 3611 4 0
3611 3700 2 0
3700 3699 5 0
3699 3612 2 0
3612 3698 4 0
3698 3697 1 0
3697 3696 5 0
3696 3613 4 0
3835 3839 4 0
3839 3840 3 0
3840 3841 2 0
3841 3842 3 0
3833 3843 5 0
3843 3844 3 0
3844 3845 2 0
3825 3833 13 0
3833 3846 6 0
3846 3847 2 0
3847 3848 2 0
3848 3849 1 0
3747 3850 3 0
3850 3851 2 0
3851 3852 3 0
3852 3853 1 0
3853 3854 3 0
3854 3855 1 0
3855 3856 1 0
3856 3857 2 0
3857 3858 5 0
3858 3859 2 0
3859 3860 3 0
3860 3861 4 0
3861 3862 3 0
3862 3863 2 0
3863 3864 3 0
3864 3865 2 0
3865 3866 3 0
3866 3867 4 0
3867 3868 3 0
3868 3869 2 0
3869 3870 4 0
3870 3871 2 0
3871 3872 3 0
3872 3873 2 0
3873 3874 3 0
3874 3875 8 0
3875 3876 7 0
3876 3877 4 0
3877 3878 3 0
3878 3879 4 0
3879 3880 2 0
3880 3881 4 0
3881 3882 5 0
3882 3883 3 0
3883 3884 2 0
3884 3782 13 0
3783 3639 8 0
3639 3885 8 0
3885 2340 4 0
3747 3886 9 0
3886 3887 4 0
3887 3888 3 0
3888 3889 4 0
3889 3890 1 0
3890 3891 3 0
3891 3892 3 0
3892 3893 4 0
3893 3894 2 0
3894 3895 3 0
3895 3896 2 0
3890 3897 3 0
3897 3898 4 0
3898 3858 4 0
3858 3899 4 0
3899 3900 2 0
3900 3651 8 0
3747 3901 3 0
3901 3902 3 0
3902 3903 10 0
3903 3904 3 0
3904 3905 4 0
3905 3906 4 0
3906 3907 5 0
3907 3908 4 0
3908 3909 3 0
3909 3910 1 0
3910 3911 4 0
3911 3912 2 0
3912 3913 4 0
3913 3914 5 0
3914 3915 6 0
3915 3916 4 0
3916 3917 4 0
3917 3918 3 0
3918 3919 3 0
3919 3920 4 0
3920 3921 3 0
3921 3922 5 0 0
3922 2387 1 0 0
3923 3924 2 0
3924 3925 5 0
3925 3906 5 0
2387 2386 4 0
2386 2385 3 0
2385 3926 1 0
3926 3927 2 0
3927 3928 2 0
3928 3929 5 0
3929 3930 3 0
3930 3931 4 0
3931 3932 4 0
3932 3933 8 0
3933 3934 5 0
3934 3935 4 0
3935 3936 8 0
3936 3937 4 0
3937 3938 2 0
3938 3939 5 0
3939 3940 4 0
3940 3941 5 0
3941 3942 2 0
3942 3943 2 0
3943 3944 4 0
3944 3945 4 0
3945 3946 3 0
3946 3947 3 0
3947 3948 4 0
3948 3949 2 0
3949 3950 7 0
3950 3951 4 0
3951 3952 1 0
3952 2285 3 0
3936 3953 5 0
3953 3954 5 0
3954 3955 3 0
2387 3922 1 0
3922 3921 5 0
3921 3956 2 0
3956 3957 4 0
3957 3958 1 0
3958 3959 5 0
3959 3960 2 0
3960 3961 3 0
3961 3962 6 0
3962 3963 11 0
3963 3964 7 0
3965 3966 2 0
3966 3921 2 0
3608 3967 3 0
3967 3968 5 0
3968 3969 6 0
3969 3970 1 0
3970 3971 7 0
3971 3972 2 0
3972 3973 7 0
3973 3974 2 0
3974 3615 7 0
3615 3975 6 0
3975 3976 4 0
3976 3977 5 0
3977 3616 6 0
3616 3978 22 0 0
3978 3979 6 0
3979 3980 10 0
3980 3981 9 0 0
3981 3982 6 0
3982 3983 6 0
3983 3984 8 0 0
3984 3985 13 0
3985 3986 5 0
3986 3987 8 0
3987 3988 3 0
3988 3989 3 0
3989 3990 3 0
3990 3991 5 0
3991 3992 3 0
3992 3993 1 0
3993 3994 3 0
3994 3995 4 0
3995 3996 3 0
3996 3997 3 0
3997 3998 2 0
3998 3999 2 0
3999 4000 1 0
4000 4001 5 0
4001 4002 3 0
4002 4003 1 0
4003 4004 3 0
4004 4005 3 0
4005 4006 6 0
4006 4007 3 0
4007 4008 5 0
4008 4009 3 0
4009 4010 3 0
4010 4011 4 0
4011 4012 3 0
4012 4013 3 0
4013 4014 3 0
4014 4015 2 0
4015 4016 4 0
4016 4017 2 0
4017 4018 3 0
4018 4019 3 0
3613 4020 5 0
4020 3614 3 0
3614 4021 4 0
4021 4022 1 0
4022 3615 4 0
3615 4023 5 0
4023 3710 5 0
3669 3581 13 0
3581 3679 24 0
3455 3684 19 0
3684 4028 18 0
4028 4029 6 0 0
4029 4030 5 0 0
3608 3581 17 0
3672 3715 18 0
3715 3718 10 0
3718 3720 3 0
3720 4024 7 0 0
4024 4025 4 0 0
4025 4026 3 0 0
4026 4027 6 0
4027 4028 3 0 0
4026 4031 3 0
4031 4027 3 0
4028 4032 2 0 0 0
4032 4029 4 0 0 0
4029 4033 4 0 0 0
4033 4030 1 0 0 0
4034 4035 2 0
4035 4036 1 0
4036 4037 3 0
4037 4038 2 0
4038 4039 2 0
4039 4040 2 0
4040 4041 1 0
4041 4042 2 0
4042 4043 1 0
4043 4044 1 0
4044 4045 1 0
4045 4046 2 0
4046 4047 1 0
4047 4048 1 0
4048 4049 5 0
4049 4050 51 0
4050 3711 19 0
4051 4052 6 0 0
4052 4053 1 0 0
4053 4054 2 0 0
4054 4055 3 0 0
4055 3978 5 0 0
3978 4056 59 0
3978 4057 6 0
4057 3979 2 0
3979 4058 3 0
4058 4059 1 0
4059 4060 3 0
4060 3980 5 0
3835 3711 15 0
3711 4061 11 0 0
4061 4062 14 0 0
3710 4050 15 0 0
4050 4063 1 0
4063 4064 3 0
4064 4065 4 0
4065 4066 3 0
4066 4067 4 0
4067 4068 3 0
3984 3983 8 0
3983 4069 4 0
4069 4070 5 0
4070 4071 2 0
4071 4072 1 0
4072 4073 2 0
4073 4074 1 0
4074 4075 1 0
4075 4076 2 0
4076 4077 3 0
4077 4078 2 0
4078 4079 3 0
4079 4080 3 0
4081 4082 5 0
4082 4083 3 0
4083 3983 5 0
3984 4084 2 0 0 0
4084 4085 8 0 0 0
4085 4086 8 0 0 0
4086 4087 5 0 0
4087 4088 3 0 0
4088 4089 7 0 0
4089 4090 10 0
4090 4091 13 0
4091 4092 15 0
4092 4093 15 0
4093 4094 14 0
4094 4095 13 0 0
4095 4096 6 0 0
4096 4097 16 0
4097 4098 2 0
4098 4099 4 0
4099 4100 6 0
4100 4101 2 0
4101 4102 1 0
4102 4103 6 0
4103 4104 3 0
4104 4105 3 0
4105 4106 6 0
4106 4107 3 0
4107 4108 2 0
4108 4109 2 0
4109 4110 1 0
4110 4111 1 0
4111 4112 2 0
4089 4113 4 0
4113 4114 5 0
4114 4115 5 0
4115 4116 1 0
4116 4117 3 0
4117 4118 5 0
4118 4119 10 0
4119 4056 6 0
4000 3999 1 0
3999 3998 2 0
3998 3997 2 0
3997 3996 3 0
3996 4122 3 0
4122 4123 2 0
4123 4124 2 0
4124 4125 1 0
4125 4126 2 0
4126 4127 2 0
4127 4128 2 0
4128 4129 2 0
4129 4130 3 0
4000 4131 4 0
4131 4132 3 0
4132 4133 5 0
4133 4134 3 0
4134 4135 12 0
4135 4136 4 0
4136 4137 5 0
4137 4138 11 0 0
4138 4139 5 0 0
4139 4140 6 0
4140 4141 3 0
4141 4142 5 0
4142 4143 8 0 0
4143 4144 1 0
4144 4094 1 0
4136 4145 8 0
4145 4146 2 0
4146 4147 3 0
4147 4148 4 0
4148 4149 2 0
4000 4150 1 0
4150 4151 1 0
4151 4152 2 0
4152 4153 3 0
4153 4121 5 0
4121 4154 3 0
4154 4155 3 0
4155 4120 5 0
4019 4156 5 0
4156 4157 2 0
4157 4158 4 0
4158 4159 4 0
4159 4160 3 0
4160 4161 5 0
4161 4162 4 0
4162 4163 5 0
4163 4164 5 0
4164 4165 4 0
4165 4166 1 0
4166 4167 5 0
4167 4168 4 0
4168 4169 4 0
4169 4170 5 0
4170 4171 3 0
4171 4172 1 0
4172 4173 6 0
4173 4174 5 0
4174 4175 1 0
4175 4176 2 0
4176 4177 3 0
4177 4178 6 0
4178 4179 4 0
4179 4180 3 0
4180 4181 4 0
4181 4182 4 0
4182 4183 3 0
4183 4184 3 0
4184 4101 5 0
4185 4186 2 0
4186 4187 1 0
4187 4188 3 0
4188 4189 2 0
4189 4190 2 0
4190 4191 4 0
4191 4192 4 0
4192 4193 3 0
4193 4194 3 0
4194 4195 2 0
4195 4196 2 0
4196 4197 2 0
4197 4198 2 0
4198 4199 3 0
4199 4200 3 0
4200 4201 6 0
4201 4202 5 0
4202 4203 4 0
4203 4204 4 0
4204 4205 1 0
4205 4206 5 0
4206 4207 4 0
4207 4208 23 0
4208 4104 7 0
4104 4101 10 0
4104 4208 7 0
4209 4210 3 0
4210 4211 1 0
4211 4212 2 0
4212 4213 1 0
4213 4214 1 0
4214 4215 1 0
4215 4216 1 0
4216 4217 1 0
4217 4218 1 0
4218 4219 14 0
4219 4018 2 0
4220 4019 5 0
4019 4221 5 0
4221 4215 2 0
4215 4214 1 0
4214 4213 1 0
4213 4212 1 0
4212 4211 2 0
4211 4210 1 0
4210 4209 8 0
4209 4222 2 0
4222 4223 2 0
4223 4224 2 0
4224 4225 3 0
4225 4226 3 0
4226 4227 6 0
4228 4229 21 0
4229 4230 16 0
4230 4231 4 0
4231 4232 5 0
4232 4233 4 0
4233 4234 2 0
4234 4235 10 0
4235 4236 14 0
4236 4237 11 0
4237 4238 18 0
4238 4239 15 0
4239 4240 13 0
4240 4097 19 0
4097 4101 14 0
4234 4241 5 0
4241 4242 11 0
4242 4243 4 0
4243 4244 4 0
4244 4056 6 0
4238 4245 3 0
4245 4246 6 0
4246 4247 3 0
4247 4248 5 0
4248 4249 1 0
4249 4250 1 0
4250 4251 2 0
4251 4252 3 0
4252 4093 3 0
4093 4253 3 0
4253 4254 1 0
4254 4255 1 0
4255 4256 3 0
4256 4257 3 0
4257 4258 2 0
4258 4094 1 0
4094 4144 1 0
4144 4143 1 0
4238 4259 1 0
4259 4245 2 0
4245 4260 10 0
4260 4239 2 0
4239 4261 1 0
4261 4262 2 0
4262 4263 2 0
4263 4264 3 0
4264 4265 1 0
4265 4240 4 0
4240 4266 2 0
4266 4267 1 0
4267 4268 1 0
4268 4269 4 0
4269 4096 2 0
4096 4270 1 0
4270 4171 65 0
4171 4170 3 0
4170 4169 5 0
4228 4271 3 0 0 0 0
4271 4272 10 0 0
4272 4273 9 0 0
4273 4274 5 0
4274 4275 4 0
4275 4276 5 0
4276 4277 3 0
4277 4278 3 0
4278 4279 4 0
4279 4280 2 0
4280 4281 2 0
4281 4282 3 0
4282 4283 3 0
4283 4284 2 0
4284 4285 3 0
4285 4286 6 0
4286 4287 4 0
4287 4288 2 0
4288 4289 3 0
4289 4290 6 0
4290 4291 12 0
4291 4292 5 0
4292 4293 6 0
4293 4294 11 0
4294 4295 5 0
4295 4296 7 0
4296 4297 3 0
4297 4298 2 0
4298 4299 18 0
4299 4300 5 0
4300 4301 12 0
4301 4302 5 0
4302 4303 2 0
4303 4304 3 0
4304 4305 3 0
4305 4306 2 0
4306 4307 6 0
4307 4308 2 0
4308 4309 2 0
4309 4310 2 0
4310 4194 2 0
4194 4311 1 0
4300 4312 10 0 0
4312 4313 10 0
4313 4314 3 0
4314 4315 7 0
4315 4316 13 0
4316 4317 6 0
4139 4142 14 0
4143 4094 2 0
4096 4240 10 0
4240 4318 18 0
4318 4319 24 0
4319 4320 5 0 0
4320 4321 6 0 0
4321 4322 6 0 0
4322 4323 11 0
4323 4324 20 0
4324 4325 11 0
4325 4326 11 0
4326 4327 7 0 0
4327 4291 16 0
4325 4328 6 0
4328 4329 4 0
4329 4326 1 0
4327 4330 1 0
4330 4331 8 0
4331 4332 1 0
4332 4333 4 0
4333 4291 2 0
4291 4334 2 0 0 0 0
4334 4335 2 0 0
4335 4336 5 0 0
4336 4337 3 0 0
4337 4338 6 0 0
4338 4339 2 0 0
4339 4340 4 0 0
4340 4341 7 0 0
4341 4342 5 0 0
4342 4343 6 0 0
4291 4344 1 0
4344 4345 6 0
4345 4346 3 0
4346 4347 1 0
4347 4348 5 0
4348 4349 6 0
4349 4350 4 0
4350 4351 5 0
4351 4352 2 0
4352 4353 2 0
4353 4354 4 0
4354 4355 5 0
4355 4356 5 0
4356 4357 1 0
4357 4358 4 0
4358 4359 3 0
4359 4360 2 0
4360 4361 5 0
4361 4362 5 0
4362 4363 4 0
4273 4364 15 0
4364 4365 4 0
4365 4366 3 0
4366 4367 3 0
4367 4368 10 0
4368 4369 4 0
4369 4370 5 0
4370 4371 3 0
4371 4372 1 0
4372 4373 2 0
4373 4374 2 0
4374 4375 3 0
4375 4376 3 0
4376 4377 3 0
4365 4378 3 0
4378 4379 3 0
4379 4380 1 0
4380 4381 3 0
4381 4382 3 0
4382 4383 2 0
4383 4384 1 0
4384 4385 1 0
4377 4376 3 0
4376 4375 3 0
4375 4374 3 0
4374 4373 2 0
4373 4372 2 0
4372 4371 1 0
4371 4370 3 0
4370 4369 5 0
4377 4230 22 0
4377 4386 2 0
4386 4387 6 0
4387 4388 5 0
4388 4389 3 0
4389 4390 2 0
4390 4391 3 0
4391 4392 4 0
4392 4393 9 0
4393 4394 5 0
4394 4395 3 0
4395 4396 1 0
4396 4397 4 0
4397 4398 4 0
4398 4399 3 0
4399 4400 3 0
4400 4401 3 0
4401 4402 6 0
4402 4403 7 0
4403 4319 14 0
4322 4404 2 0
4404 4405 7 0
4405 4406 11 0
4406 4300 8 0
4392 4319 50 0
3616 3711 5 0
4062 4408 3 0
4408 4409 3 0
4409 4410 2 0
4410 4068 5 0
4068 4411 1 0 0
4411 4412 4 0 0
4412 4413 3 0 0
4413 4414 5 0 0
4414 4415 4 0 0
4415 4416 2 0 0
4416 4417 5 0 0
4417 4418 9 0 0 0
4418 4228 14 0 0 0
3581 3705 13 0
3705 3707 8 0
3707 3710 12 0
4050 4068 18 0
4062 4419 12 0
4419 4420 4 0
4420 4421 3 0
4421 4422 5 0
4422 4423 2 0
4423 4424 4 0
4424 4425 7 0
4425 4426 9 0
4426 4241 10 0
4241 4235 15 0
4235 4427 4 0
4427 4407 4 0
4407 4428 7 0
4428 4429 3 0
4429 4430 3 0
4430 4431 3 0
4431 4377 8 0
3684 4455 5 0
4455 4456 2 0
4456 4457 3 0
4457 4458 4 0
4458 4028 4 0
4432 4433 3 0 0
4433 4434 13 0
4434 4435 6 0
4435 4436 4 0
4436 4437 2 0
4437 4438 5 0
4438 4439 3 0
4439 4440 5 0
4440 4441 2 0
4441 4442 3 0 0
4442 4443 9 0
4443 4444 11 0
4444 4445 7 0
4445 3695 5 0
3695 4446 4 0
4446 4447 3 0
4447 4448 4 0
4448 4449 5 0
4449 4450 5 0
4450 4451 2 0
4451 4452 4 0
4452 4453 1 0
4453 4454 5 0
4454 4028 5 0
4030 4459 7 0
4459 4460 6 0
4460 4461 5 0
4461 4462 3 0
4462 4463 2 0
4463 4417 7 0
3434 4464 2 0
4464 4465 1 0
4465 4466 3 0
4466 4467 4 0
4467 4468 5 0
4468 4469 4 0
4469 4470 1 0
4470 4471 3 0
4471 4472 1 0
4472 4473 2 0
4473 4474 5 0
4474 4475 3 0
4475 4476 4 0
4476 4477 7 0
4477 4478 4 0
4478 4479 5 0
4479 4480 2 0
4480 4481 3 0
4481 4482 5 0
4482 4483 2 0
4483 4484 3 0
4484 4485 5 0
4485 4486 3 0
4486 4487 4 0
4487 4488 2 0
4488 4489 5 0
4489 4490 5 0
4490 4491 2 0
4491 4492 1 0
4492 4441 4 0
4442 4493 4 0
4493 4494 3 0
4494 4495 3 0
4495 4496 3 0
4496 4497 2 0
4497 4498 3 0
4498 4499 3 0
4499 4500 7 0
4500 4501 9 0
4501 4502 7 0
4502 4503 8 0
4503 4504 9 0
4504 4505 5 0
4030 4048 7 0
4048 4035 20 0
4035 4506 7 0
4506 4507 5 0
4507 4508 10 0
4508 4509 5 0
4509 4510 41 0
4510 4511 17 0 0
4511 4505 10 0 0
4476 4512 3 0
4512 4513 3 0
4513 4514 3 0
4514 4515 2 0
4515 4516 4 0
4516 4517 9 0
4517 4518 5 0
4518 4519 2 0
4519 4520 1 0
4520 4521 7 0
4521 3692 4 0
4271 4522 9 0 0
4522 4523 10 0
4523 4524 9 0
4524 4525 6 0
4525 4526 4 0
4526 4527 6 0
4527 4528 4 0
4528 4529 5 0
4529 4530 5 0
4530 4510 12 0
4522 4531 18 0
4531 4532 4 0
4532 4533 1 0
4533 4534 4 0
4534 4535 4 0
4535 4536 8 0
4536 4537 10 0
4537 4538 3 0
4538 4363 12 0
4363 4539 2 0 0
4539 4540 2 0
4540 4541 3 0
4541 4542 3 0
4542 4543 4 0
4543 4544 2 0
4544 4545 8 0
4545 4505 13 0
4505 4546 23 0
4546 4547 23 0
4547 4548 44 0
4549 4550 4 0
4550 4551 2 0
4551 4552 3 0
4552 4553 3 0
4554 4555 3 0
4555 4556 2 0
4556 4557 4 0
4557 4524 5 0
4554 4558 2 0
4558 4559 4 0
4559 4560 2 0
4560 4418 3 0
4418 4549 3 0
4549 4561 4 0
4561 4562 2 0 0
4562 4563 2 0 0
4563 4228 3 0 0
4228 4564 1 0 0
4564 4565 1 0 0
4565 4566 1 0 0
4567 4568 3 0
4568 4569 2 0
4569 4570 3 0
4570 4571 3 0
4571 4572 3 0
4572 4573 4 0
4573 4574 3 0
4574 4575 1 0
4575 4576 2 0
4576 4561 1 0
3434 4577 7 0
4577 4578 4 0
4578 4579 7 0
4579 4580 6 0
4580 4581 8 0
4581 4582 6 0
4582 4583 1 0
4583 4584 13 0
4584 4585 3 0
4585 4586 10 0
4586 4587 6 0
4587 4588 2 0
4588 4589 4 0
4589 4590 6 0
4590 4591 3 0
4591 4432 4 0
3246 4592 10 0
3247 4592 8 0
4592 4593 11 0
4593 4594 12 0
4594 4595 3 0
4595 4596 2 0
4596 4597 5 0
4597 4598 7 0
4598 4584 6 0
4584 4599 9 0
4599 4600 4 0
4600 4601 3 0
4601 4602 2 0
4602 4603 2 0
4603 4604 5 0
4604 4605 3 0
4605 4606 2 0
4606 4607 2 0
4607 4608 4 0
4608 4609 4 0
4609 4610 7 0
4432 4611 8 0 0
4611 4612 6 0
4612 4613 4 0
4613 4614 4 0
4614 4615 8 0
4615 4616 13 0
4616 4617 18 0
4617 4618 9 0
4618 4619 14 0
4619 4620 10 0
4620 4548 8 0 0
4617 4621 4 0
4621 4622 2 0
4622 4623 4 0
4623 4624 6 0
4624 4625 4 0
4625 4626 3 0
4626 4627 3 0
4627 4628 4 0
4620 4629 2 0
4629 4630 1 0
4630 4631 1 0
4631 4632 1 0
4632 4633 1 0
4633 4634 2 0
4634 4635 3 0
4635 4636 2 0
4611 4637 9 0
4637 4638 6 0
4638 4639 5 0
4639 4640 4 0
4640 3018 11 0
3018 4641 2 0
4641 4642 1 0
4642 4643 22 0
4643 4644 7 0
4644 4645 5 0
4645 4646 13 0
4646 4647 7 0
2984 4648 3 0
4610 4651 8 0
4651 3016 2 0
2982 4648 7 0
4648 4649 3 0
4649 4650 3 0
4650 3010 2 0
2960 4652 4 0
4652 4653 7 0
4653 4654 1 0
4654 4655 1 0
4655 4656 3 0
4656 4657 3 0
4657 4658 1 0
4658 4659 4 0
4659 4660 4 0
4660 4661 3 0
4661 4662 7 0
4662 4663 3 0
4663 4664 6 0
4664 4665 6 0
4665 4666 6 0
4666 4667 2 0
4667 4668 4 0
4668 4669 4 0
4669 4647 4 0
4647 4670 7 0
4670 4671 4 0
4671 4672 2 0
4672 4673 3 0
4673 4674 7 0
4674 4675 4 0
4675 4676 4 0
4676 4677 3 0
4677 4678 10 0
4678 4679 17 0
4679 4680 2 0
4680 4681 4 0
4681 4682 4 0
4682 4620 3 0
4674 4683 4 0
4683 4684 1 0
4684 4685 1 0
4685 4686 3 0
4686 4687 4 0
4687 4688 2 0
4647 4669 4 0
4669 4668 4 0
4668 4689 4 0
4689 4690 4 0
4690 4691 2 0
4691 4692 3 0
4692 4693 5 0
4658 4694 2 0
4694 4695 4 0
4695 4696 2 0
4696 4697 4 0
4697 4698 6 0
2908 4699 4 0
4699 4700 5 0
4700 4701 4 0
4701 4702 7 0
4702 4703 6 0
4703 4704 6 0
4704 4705 6 0
4705 4706 6 0
4706 4707 3 0
4707 4708 5 0
4708 4709 3 0
4709 4710 3 0
4710 4711 6 0
4711 4712 3 0
4712 4713 4 0
4713 4663 4 0
4720 4721 8 0
4723 4724 10 0
4724 4725 7 0
4725 4726 4 0
4726 4727 2 0
4727 4728 5 0
4728 2840 6 0
2840 2839 8 0
4663 4713 4 0
4713 4712 4 0
4712 4714 6 0
4714 4715 6 0
4715 4716 5 0
4716 4717 5 0
4717 4718 6 0
4718 4719 2 0
4719 4720 4 0
4720 4722 58 0
4722 4721 13 0
4722 4729 5 0
4729 4730 3 0
4730 4731 3 0
4731 4732 4 0
4724 4733 3 0
4733 4734 2 0
4734 4735 2 0
4735 4736 2 0
2840 4728 6 0 0
4728 4737 6 0
4737 4738 6 0
4738 4739 5 0
4739 4740 7 0
4740 4741 4 0
4741 4742 8 0
4742 4743 9 0
4743 4744 8 0
4744 4745 11 0
4745 4746 7 0
4746 4747 11 0
4747 4748 5 0
4748 4749 8 0
4749 4750 3 0
4750 4751 6 0
4751 4752 6 0
4752 4753 5 0
4753 4754 7 0
4754 4755 4 0
4755 4756 5 0
4756 4757 15 0
4757 4758 12 0
4758 4759 15 0
2840 4760 2 0
4760 4761 5 0
4761 4762 4 0
4762 4763 2 0
4763 4764 2 0
4764 4765 4 0
4765 4766 2 0
4766 4767 2 0
4767 4768 1 0
4768 4769 3 0
4728 4770 4 0
4770 4771 4 0
4771 4772 9 0
4772 4773 2 0
4773 4774 2 0
4774 4775 1 0
4775 4776 1 0
4548 4777 27 0 0 0 0
4777 4778 16 0 0
4778 4779 15 0 0 0
4779 4780 21 0
4780 4781 4 0
4781 4782 5 0
4782 4783 10 0
4783 4784 9 0
4784 4742 3 0
4742 4785 11 0
4785 4786 3 0
4779 4787 8 0
4787 4788 6 0
4788 4732 13 0
4789 4790 9 0
4790 4791 2 0
4791 4792 2 0
4792 4793 3 0
4793 4794 2 0
4794 4795 3 0
4795 4796 2 0
4796 4797 2 0
4797 4798 1 0
4798 4799 2 0
4732 4800 2 0
4800 4801 2 0
4801 4802 1 0
4802 4803 2 0
4803 4804 3 0
4804 4805 2 0
4805 4806 2 0
4732 4807 9 0
4807 4808 4 0
4808 4780 6 0
4780 4809 7 0
4809 4810 6 0
4810 4811 6 0
4811 4812 6 0
4812 4748 15 0
4777 4813 5 0 0
4813 4814 4 0 0
4814 4815 6 0 0
4815 4816 2 0 0
4816 4817 17 0
4817 4818 8 0
4818 4819 9 0
4819 4820 5 0
4820 4821 5 0
4821 4822 2 0
4822 4748 2 0
4748 4747 5 0
4747 4823 1 0
4813 4816 12 0
4816 4824 11 0
4824 4825 3 0
4825 4826 9 0
4826 4827 14 0
4827 4756 12 0
4756 4828 20 0
4828 4829 10 0
4829 4830 6 0
4830 4831 3 0
4831 4832 9 0
4832 4833 7 0
4833 4834 4 0
4834 4835 3 0
4835 4836 5 0
4832 4837 3 0
4837 4838 2 0
4838 4839 4 0
4839 4840 4 0
4840 4841 3 0
4841 4842 2 0
4842 4843 3 0
4832 4844 9 0
4844 4845 6 0
4845 4846 3 0
4846 4847 4 0
4847 4848 2 0
4848 4849 3 0
4849 4850 2 0
4850 4851 2 0
4851 4852 1 0
4852 4853 5 0
4853 4854 2 0
4854 4855 1 0
4548 4856 12 0
4856 4857 4 0
4857 4858 2 0
4858 4859 3 0
4859 4860 2 0
4860 4861 4 0
4861 4862 5 0
4862 4863 4 0
4863 4864 10 0
4864 4865 6 0
4865 4866 4 0
4866 4867 7 0
4867 4868 6 0
4868 4869 4 0
4869 4870 7 0
4870 4871 5 0
4871 4872 2 0
4872 4873 3 0
4873 4874 6 0
4874 4759 4 0 0
4759 4875 5 0
4875 4876 2 0
4876 4877 17 0
4877 4878 7 0
4878 4879 9 0 0
4879 4880 12 0
4880 4881 13 0
4881 4882 15 0
4882 4883 16 0
4883 4884 21 0
4895 4896 3 0
4896 4897 4 0
4897 4898 3 0
4898 4813 5 0
4548 4885 1 0
4885 4899 1 0
4899 4900 1 0
4900 4901 1 0
4901 4902 4 0
4902 4856 4 0
4856 4903 5 0
4903 4904 2 0
4904 4905 3 0
4905 4906 1 0
4906 4907 1 0
4548 4908 1 0
4908 4909 2 0
4909 4910 2 0
4910 4911 3 0
4911 4912 2 0
4912 4913 2 0
4913 4914 2 0
4914 4915 2 0
4915 4916 3 0
4916 4917 4 0
4917 4918 3 0
4620 4920 3 0 0
4920 4921 3 0 0
4921 4619 4 0 0
4619 4922 2 0
4922 4923 4 0
4923 4924 1 0
4924 4925 2 0
4925 4926 3 0
4926 4927 1 0
4927 4928 1 0
4928 4929 2 0
4929 4930 2 0
4548 4919 2 0 0
4919 4620 6 0 0
4619 4931 3 0
4931 4932 6 0
4932 4618 5 0
4618 4617 9 0
4617 4616 18 0
4616 4615 13 0
4615 4614 8 0
4620 4682 3 0
4682 4681 4 0
4681 4680 4 0
4680 4679 2 0
4679 4678 17 0
4678 4677 10 0
4677 4676 3 0
4676 4675 4 0
4675 4674 4 0
4939 4940 1 0
4940 4941 1 0
4941 4942 2 0
4942 4943 2 0
4943 4944 3 0
4548 4933 4 0
4933 4934 2 0
4934 4935 4 0
4935 4936 3 0
4936 4937 2 0
4937 4938 2 0
4938 4939 4 0
4939 4945 3 0
4945 4777 4 0
4777 4946 6 0
4946 4947 6 0
4947 4948 5 0
4948 4949 3 0
4949 4778 3 0
4548 4950 3 0
4950 4951 3 0
4951 4952 2 0
4952 4953 2 0
4953 4954 3 0
4954 4955 2 0
4955 4956 1 0
4956 4957 5 0
4957 4958 5 0
4958 4959 7 0
4959 4960 4 0
4960 4547 7 0
4547 4546 23 0
4546 4961 12 0
4961 4505 11 0
4548 4962 20 0
4962 4963 11 0
4963 4964 9 0
4964 4965 3 0 0
4881 4966 4 0
4966 4967 5 0
4967 4968 24 0
4968 4969 7 0
4969 4970 8 0
4970 4971 6 0
4971 4972 4 0
4972 4973 6 0
4973 4974 8 0
4972 4975 4 0
4975 4976 3 0
4976 4977 2 0
4977 4978 7 0
4978 4979 4 0
4979 4980 5 0
4980 4981 3 0
4981 4982 4 0
4972 4983 5 0
4983 4984 1 0
4984 4985 6 0
4985 4986 3 0
4987 4988 2 0 0 0
4988 4989 5 0
4989 4990 4 0
4990 4991 3 0
4991 4992 4 0
4992 4993 2 0
4993 4994 3 0
4994 4995 3 0
4995 4996 7 0
4996 4997 3 0
4997 4998 5 0
4998 4999 22 0
4999 5000 12 0
5000 5001 9 0
5001 5002 4 0
5002 5003 4 0
5003 5004 6 0
5004 5005 4 0
5005 5006 5 0
5006 4918 4 0
4918 4915 10 0
4915 4548 16 0
4918 5007 2 0
5007 5008 5 0
5008 5009 4 0
5003 5010 10 0
5010 5011 4 0
5011 5012 3 0
4433 5013 10 0
5013 5014 3 0
5014 5015 4 0
5015 5016 5 0
5016 5017 14 0
5017 4628 11 0
4628 5018 12 0
5018 4547 18 0
4547 5019 13 0
5019 5020 6 0
5020 5012 5 0
5012 5000 21 0
4628 5021 6 0
5021 5022 2 0
5022 5023 4 0
4959 5024 3 0
5024 5025 4 0
5025 5026 5 0
5027 5028 40 0
5028 5029 3 0
5029 5030 5 0
5030 5031 7 0
5031 5032 8 0
5032 5033 3 0
5033 5034 8 0
5034 5035 19 0
5035 5036 4 0
5036 5037 14 0
5037 5038 8 0
5038 5039 4 0
5039 4876 5 0
4876 4875 2 0
4875 4759 5 0
4884 4883 21 0
4883 4882 16 0
4882 4881 15 0
4881 5040 5 0
5040 5041 5 0
5041 5042 8 0
5042 5043 16 0
5043 5044 12 0
5044 5034 17 0
5034 5031 19 0
5031 5028 15 0
5028 5027 42 0
5036 5045 4 0
5045 5046 1 0
5046 5047 2 0
5047 5048 5 0
5048 5049 4 0
5049 5050 3 0
5050 5051 5 0
5051 4878 2 0
4879 5052 1 0
5052 5053 4 0
5053 5054 3 0
5054 5055 2 0
5027 5056 5 0 0 0
5056 5057 21 0
5057 5058 8 0
5058 5059 3 0
5059 5060 6 0
5060 5061 8 0
5061 5062 7 0
5062 5063 8 0
5063 5064 5 0
5064 5065 8 0
5065 5066 6 0
5066 5067 7 0
5067 5068 12 0
5068 5069 6 0
5069 5070 7 0
5065 5071 7 0 0 0
5071 5072 2 0
5072 5073 4 0
5073 5074 4 0
5074 5075 2 0
5075 5076 1 0
5076 5077 8 0
5065 5078 9 0
5078 5079 5 0
5079 5080 4 0
5080 5081 3 0
5081 5082 8 0
5082 5083 6 0
5083 5084 6 0
5084 5085 4 0
5085 5086 7 0
5086 5087 9 0
5034 5088 3 0
5088 5089 10 0
5089 5090 9 0
5090 5091 6 0
5091 5092 5 0
5092 5093 6 0
5093 5094 9 0 0
5094 5065 7 0 0
5071 5095 9 0
5095 5096 8 0
5096 5097 11 0
5097 5098 6 0
5098 5099 5 0
5099 5100 7 0
5100 5101 12 0
5101 5102 6 0 0
4884 5103 5 0
5103 5104 8 0
5104 5105 4 0
5105 5106 3 0
5106 5107 3 0
5107 5108 4 0
5108 5109 4 0
5109 5110 4 0
5110 5111 9 0
5111 5112 4 0
5112 5113 5 0
5113 5114 4 0
5114 5115 7 0
5115 5116 9 0
5116 5117 5 0
5117 5118 1 0
5118 5119 10 0
5119 5093 9 0
5071 5120 6 0
5120 5095 3 0
5095 5121 3 0
5121 5122 3 0
5122 5123 2 0
5123 5120 5 0
5120 5124 3 0
5124 5125 2 0
5125 5126 3 0
5126 5127 4 0
5127 5128 7 0
5128 5129 2 0
5130 5131 2 0 0
5131 5132 3 0 0
5132 5133 5 0
5133 5134 2 0
5134 5135 3 0
5135 5136 3 0
5136 5137 3 0
5137 5083 2 0
5129 5128 2 0
5128 5127 7 0
5127 5126 4 0
5126 5138 2 0
5056 5130 28 0 0
5130 5139 7 0 0
5139 5140 7 0 0
5140 5141 7 0 0
5141 5087 6 0 0
5087 5142 6 0
5142 5143 2 0
5143 5144 5 0
5144 5145 5 0
5145 5146 7 0
5146 5147 5 0
5147 5148 4 0
5087 5149 17 0
5149 5150 8 0
5150 5151 5 0
5151 5152 8 0
5152 5153 8 0
5153 5129 7 0
5129 5154 17 0
5154 5101 12 0
5150 5155 3 0
5155 5156 1 0
5156 5157 1 0
5157 5158 2 0
5158 5159 3 0
5129 5160 2 0
5160 5161 2 0
5161 5162 2 0
5162 5163 1 0
5163 5164 2 0
5164 5165 2 0
5165 5166 2 0
5101 5167 3 0
5167 5168 3 0
5168 5169 4 0
5169 5170 5 0
5170 5171 1 0
5171 5172 2 0
5172 5173 10 0
5173 5174 5 0
5027 5175 2 0 0 0 0
5175 5176 3 0 0 0
5176 5177 3 0 0
5177 5178 29 0
5178 5179 3 0 0
5179 5180 6 0
5180 5181 10 0
5181 5182 3 0
5182 5183 2 0
5183 5184 3 0
5184 5185 3 0
5185 5186 5 0
5186 5187 3 0
5187 5188 2 0
5188 5189 2 0
5176 5190 5 0
5190 5179 28 0
5179 5191 6 0 0
5191 5192 5 0 0
5192 5193 4 0
5193 5194 2 0
5194 5195 4 0
5177 5179 26 0
5192 5196 5 0
5196 5197 5 0
5197 5198 3 0
5198 5199 3 0
5199 5200 3 0
5179 5201 6 0
5201 5202 6 0
5202 5203 7 0
5203 5204 1 0
5204 5205 3 0
5205 5206 3 0
5206 5207 4 0
5207 5087 4 0
5129 5208 2 0
5208 5209 3 0
5209 5210 2 0
5210 5211 2 0
5211 5212 1 0
5212 5213 2 0
5027 5214 7 0 0 0 0
5214 5215 30 0
5215 5216 14 0
5216 5217 8 0
5217 5218 7 0
5218 5219 6 0
5219 5220 6 0
5220 5221 5 0
5221 5222 6 0
5222 5223 9 0
5223 5224 11 0
5224 5225 6 0
5214 5226 19 0
5226 5215 11 0
5215 5227 5 0
5227 5228 4 0
5228 5229 6 0
5229 5230 5 0
5230 5231 4 0
5231 5232 2 0
5232 5233 6 0
5216 5234 6 0
5234 5235 3 0
5235 5236 5 0
5236 5237 5 0
5237 5238 1 0
5238 5239 2 0
5219 5240 1 0
5240 5241 2 0
5241 5242 2 0
5242 5243 4 0
5243 5244 2 0
5244 5245 2 0
5245 5246 1 0
5246 5247 2 0
5247 5248 4 0
5248 5249 3 0
5214 5250 32 0
5250 5251 14 0
5251 5252 12 0
5252 5253 19 0
5253 5254 5 0
5254 5255 18 0
5255 5256 19 0
5256 5257 10 0 0
5257 5258 11 0 0
5258 5259 16 0
5259 5260 13 0
5260 5261 10 0
5261 4317 6 0
4317 4185 23 0 0
4987 5262 1 0 0 0
5262 5263 3 0 0 0
5263 5264 3 0 0 0
5264 5265 5 0 0 0
5265 5266 11 0 0
5266 5252 17 0 0
5252 5267 8 0 0
5267 5268 11 0
5268 5269 6 0 0
5269 5270 7 0 0
5270 5271 6 0
5271 4343 8 0
4343 5272 15 0
5272 5273 7 0
5273 5274 10 0
5274 4315 11 0
4315 4317 19 0
5275 5276 8 0
5276 5277 5 0
5277 5278 5 0
5278 5279 6 0
5279 5280 5 0
5280 5281 1 0
5281 5282 4 0
5282 5254 3 0
5254 5253 5 0
5253 5252 19 0
4343 5283 13 0
5283 5284 9 0
5284 5285 10 0
5285 5256 3 0
5258 5286 4 0
5286 5287 4 0
5287 5288 3 0
5288 5289 4 0
5289 5290 2 0
5290 5291 4 0
5256 5292 2 0
5292 5293 2 0
5293 5294 3 0
5294 5295 1 0
5295 5296 4 0
5296 5297 2 0
5297 5298 4 0
5298 5299 2 0
5299 5300 2 0
5300 5301 2 0
5301 5302 5 0
5302 5303 2 0
5303 5304 2 0
5304 5305 2 0
5305 5306 4 0
5306 5307 2 0
5307 5308 2 0
5308 5309 4 0
5309 5310 2 0
5310 5311 1 0
5311 5312 3 0
5312 5313 5 0
5313 5314 2 0
5314 5315 2 0
5315 5316 3 0
5316 5317 4 0
5317 5318 3 0
5318 5319 9 0
5319 5320 8 0
5320 5223 5 0
4334 5321 22 0
5321 5322 3 0
5322 5323 3 0
5323 5324 3 0
5324 5325 2 0
5325 5326 4 0
5326 5327 5 0
5327 5328 2 0
5328 5329 2 0
5329 5330 3 0
5330 5331 2 0
5331 5332 2 0
5332 5333 2 0
5333 5334 3 0
5334 5335 2 0
5335 5336 3 0
5336 5337 2 0
5337 5338 2 0
5338 5339 3 0
5339 5340 3 0
5340 5268 4 0
5270 4343 14 0
5214 5341 24 0
5341 5342 6 0
5342 5343 3 0
5343 5344 6 0
5344 5345 6 0
5345 5346 5 0
5346 5347 3 0
5347 4987 2 0
4988 5348 4 0 0
5348 5349 2 0
5349 5350 4 0
5350 5351 5 0
5351 5352 2 0
5352 5353 9 0
5353 5354 10 0
5354 5355 5 0
5355 5356 3 0
5356 5357 3 0
5357 5358 4 0
5358 5321 9 0
5321 5359 5 0
5359 5360 7 0
5360 4334 10 0
4334 4291 2 0
4987 5347 2 0
5347 5346 3 0
5346 5361 3 0
5361 5362 8 0
5362 5363 4 0
5363 5364 6 0
5364 5365 6 0
5365 5366 10 0
5366 4965 25 0
4987 5346 5 0
5346 5345 5 0
5345 5344 6 0
5344 5367 2 0
5367 5368 4 0
5368 5369 3 0
5369 5370 5 0
5370 5250 7 0
5250 5371 2 0
5371 5372 7 0
5372 5373 3 0
5373 5374 4 0
5374 5375 2 0
5375 5376 2 0
5376 5377 5 0
5377 5216 8 0
5265 5378 4 0
5378 5379 6 0
5379 5380 3 0
5380 5251 10 0
5251 5381 4 0
5381 5382 1 0
5267 5383 5 0
5000 5384 7 0
5384 5385 5 0
5385 5386 7 0
5386 5387 10 0
5387 5388 5 0
5388 5389 5 0
5389 5390 4 0
5390 5391 4 0
5391 4964 6 0
4965 5392 9 0
5392 5393 12 0
5393 5394 10 0
5394 5395 6 0
5395 5396 4 0
5396 5397 4 0
5397 5398 18 0
5398 5027 18 0
5387 5399 1 0
5399 5400 2 0
5400 5401 2 0
4334 5360 10 0
5360 5359 7 0
5359 5321 5 0
5321 5402 14 0
5402 5403 5 0
5403 5404 5 0
5404 5405 7 0
5405 5406 5 0
5406 5407 2 0
5407 5408 5 0
5408 4998 7 0
4998 5409 9 0
5409 5410 4 0
5410 5411 7 0
5411 5412 2 0
5412 5413 4 0
5413 5414 6 0
5414 5415 6 0
5415 5416 6 0
5416 4965 9 0
4965 5417 11 0
5417 5418 3 0
5418 5419 6 0
5419 5420 8 0
5420 5421 6 0
5421 5422 15 0
5422 5423 6 0
5423 5424 2 0
5424 5425 2 0
5425 5426 9 0
5426 4874 2 0
4539 4541 5 0
4541 5427 5 0
5427 5428 4 0
5428 5429 11 0
5429 5430 4 0
5430 5431 3 0
5431 5432 5 0
5432 5433 9 0
5433 5434 4 0
5434 5435 5 0
5435 5436 3 0
5436 5437 3 0
5437 4998 5 0
5028 5441 4 0
5441 5440 6 0
5438 5439 2 0
5439 5440 8 0
5440 5442 4 0
5442 5443 3 0
5443 5444 2 0
5444 5445 2 0
5445 5446 5 0
5446 5447 2 0
5447 5448 3 0
5448 5449 4 0
5449 5175 3 0 0 0 0 0 0
5175 5450 1 0 0 0 0 0 0 0
5450 5451 1 0 0 0 0 0 0 0
5451 5452 1 0 0 0 0 0 0 0
5452 5453 1 0 0 0 0 0 0 0
5453 5454 1 0 0 0 0 0 0 0
5454 5455 1 0 0 0 0 0 0 0
5455 5056 1 0 0 0 0 0 0 0
5397 5456 6 0
5456 5457 3 0
5457 5458 5 0
5458 5398 4 0
5398 5459 5 0
5459 5460 2 0
5460 5461 2 0
5461 5462 1 0
5462 5449 3 0
5056 5463 1 0 0 0
5463 5464 1 0 0
5464 5465 4 0
5465 5466 4 0
5466 5467 2 0
5467 5468 2 0
5468 5469 2 0
5469 5057 5 0
5057 5470 3 0
5470 5471 3 0
5471 5472 4 0
5472 5473 2 0
5473 5474 2 0
5175 5475 1 0
5475 5176 2 0
5176 5476 1 0
5476 5177 2 0
5177 5190 2 0
5190 5477 29 0
5398 5478 1 0
5478 5479 5 0
5479 5480 3 0
5480 5481 3 0
5481 5482 4 0
5482 5483 3 0
5483 5484 4 0
5484 5485 3 0
5485 5486 4 0
5341 5487 3 0
5487 5488 3 0
5488 5489 3 0
5489 5490 1 0
5490 5491 1 0
5491 5492 3 0
5492 5493 4 0
5493 5494 3 0
5494 5214 3 0
5214 5449 3 0 0 0 0
5464 5495 3 0
5495 5496 3 0
5496 5497 3 0
5497 5498 3 0
5498 5499 2 0
5499 5500 4 0
5500 5501 2 0
5501 5502 2 0
5502 5130 5 0
5503 5504 5 0
5504 5505 2 0
5505 5506 4 0
5506 5507 4 0
5507 5508 1 0
5508 5509 2 0
5509 5510 4 0
5510 5511 2 0
5511 5512 3 0
5512 5513 2 0
5513 5214 1 0 0
5056 5514 1 0 0
5514 5515 1 0 0
5515 5516 2 0
5516 5517 2 0
5517 5518 2 0
5518 5519 2 0
5519 5520 2 0
5520 5477 2 0
5477 5521 8 0
5521 5178 7 0
5215 5522 5 0
5522 5523 2 0
5523 5226 5 0
5226 5524 1 0
5524 5525 8 0
5525 5526 3 0
5526 5527 2 0
5527 5528 2 0
5528 5529 1 0
5529 5513 2 0
5515 5530 3 0
5530 5531 1 0
5531 5532 2 0
5532 5533 2 0
5533 5534 2 0
5534 5535 2 0
5535 5536 2 0
5536 5537 3 0
5537 5538 4 0
5538 5539 1 0
5539 5540 2 0
5540 5201 4 0
5541 5542 4 0
5542 5543 3 0
5543 5544 2 0
5544 5545 4 0
5545 5546 2 0
5546 5547 2 0
5547 5548 2 0
5548 5549 2 0
5549 5190 1 0
5190 5177 2 0
5177 5476 2 0
5476 5176 1 0
5176 5475 2 0
5475 5175 1 0
5250 5550 3 0
5550 5551 7 0
5551 5552 4 0
5552 5553 3 0
5553 5554 3 0
5554 5555 5 0
5555 5556 2 0
5556 5557 5 0
5557 5558 1 0
5558 5214 3 0
5463 5559 3 0
5559 5560 1 0
5560 5561 1 0
5561 5562 2 0
5562 5563 5 0
5563 5564 10 0
5564 5439 6 0
5439 5438 2 0
1565 1692 93 0
2371 2371 0 0
2371 2414 51 0
5565 5566 5 0
5566 5567 5 0
5567 5568 3 0
5568 5569 2 0
5569 3011 1 0
5570 5571 2 0
5571 5572 3 0
5572 5573 1 0
5573 5574 4 0
5574 5575 1 0
4688 5576 3 0
5576 5577 2 0
5577 5578 3 0
5578 5579 4 0
5579 5580 2 0
5580 5581 2 0
5582 5583 5 0
5583 5584 4 0
5584 5585 2 0
4884 5586 15 0
5586 5587 5 0
5587 5588 4 0
5588 5589 6 0
5589 5590 8 0
5590 5591 11 0
4968 5592 8 0
5592 5593 7 0
5593 5594 5 0
5594 5595 6 0
5595 5596 3 0
5596 5597 6 0
5597 5598 4 0
5598 5599 6 0
5599 5600 5 0
5037 5601 4 0
5601 5602 7 0
5147 5603 5 0
5149 5604 3 0
5604 5605 3 0
5605 5606 4 0
5606 5607 4 0
5607 5608 2 0
5608 5609 2 0
5348 5610 2 0
5610 5611 4 0
5611 5351 5 0
5432 5612 15 0
5612 5613 8 0
5613 5614 7 0
5614 5615 12 0
5615 4546 12 0
5432 5616 13 0
5616 5617 12 0
5617 5012 14 0
