1 2 2 0
2 3 11 0
3 4 4 0
4 5 7 0
5 6 8 0
6 7 8 0
7 8 7 0
8 9 5 0
9 10 8 0
10 11 2 0 0 0
11 12 6 0
12 13 10 0
13 14 10 0
14 15 9 0
15 16 5 0
16 17 3 0
17 18 3 0
18 19 9 0
19 20 3 0
20 21 4 0
21 22 3 0
22 23 5 0
23 24 8 0
24 25 5 0
25 26 7 0
26 27 2 0
27 28 8 0
28 29 7 0
29 30 8 0
30 31 4 0
31 32 6 0
32 33 4 0
51 50 0 0
34 35 3 0 0 0
35 36 4 0
36 37 1 0
37 38 2 0
38 39 2 0
39 40 2 0
40 41 5 0
41 42 4 0
42 43 2 0
43 44 5 0
44 45 1 0
45 46 1 0
46 47 4 0
47 48 3 0
48 49 2 0
49 50 5 0
50 52 3 0
52 53 4 0
53 52 4 0
52 51 5 0
51 54 3 0
54 55 6 0
55 56 1 0
56 57 2 0
57 58 1 0
58 59 3 0
59 60 2 0
60 61 1 0
61 62 5 0
62 63 3 0
63 64 1 0
64 18 5 0
65 66 5 0
66 67 6 0
67 68 5 0
68 69 1 0
69 70 5 0
70 71 1 0
71 72 6 0
72 73 11 0
73 74 8 0
74 75 3 0
75 76 2 0
76 77 7 0
77 78 4 0
78 79 10 0
79 80 5 0
80 15 3 0
10 81 10 0
81 82 4 0
82 83 3 0
83 84 5 0
84 85 3 0
85 86 4 0
86 87 2 0
87 88 4 0
88 89 3 0
89 90 3 0
90 91 2 0
91 92 3 0
92 93 5 0
93 94 8 0
94 95 2 0
95 96 7 0
96 97 6 0
97 98 4 0
98 99 7 0
95 100 3 0
100 101 10 0
11 102 4 0 0
102 103 4 0
103 104 2 0
104 105 6 0
105 106 5 0
106 107 2 0
107 108 2 0
108 109 2 0
109 110 4 0
110 111 6 0
111 112 8 0
112 113 7 0
113 114 3 0
114 115 4 0
115 116 5 0
116 117 6 0
130 131 9 0
102 118 10 0
118 119 3 0
119 120 2 0
120 121 2 0
121 122 4 0
122 123 1 0
123 124 3 0
124 125 3 0
125 126 4 0
126 127 3 0
127 128 4 0
128 129 5 0
129 130 8 0
130 132 9 0
132 133 12 0
134 23 2 0
23 22 5 0
22 135 3 0 0
135 136 5 0 0
136 137 3 0
137 138 4 0
136 139 3 0
139 140 6 0
140 141 4 0
141 142 3 0
142 143 6 0
143 74 7 0
74 144 7 0
144 145 3 0
145 146 5 0
146 147 3 0
147 125 3 0
125 148 3 0
148 149 4 0
149 150 2 0
150 151 6 0
151 152 6 0
152 153 3 0
153 154 4 0
154 155 3 0
155 112 5 0
112 156 10 0
156 157 4 0
157 158 1 0
158 159 3 0
159 160 7 0
160 161 4 0
161 87 8 0
99 162 5 0
162 163 1 0
163 164 6 0
164 165 3 0
165 166 5 0
166 167 4 0
167 168 4 0
168 169 2 0
169 170 3 0
170 171 5 0
171 172 12 0
172 173 3 0
173 174 9 0
3 175 7 0
175 176 8 0
176 177 7 0
177 178 3 0
178 179 4 0
179 87 10 0
87 180 9 0
180 181 3 0
181 182 4 0
182 183 2 0
183 184 3 0
184 185 3 0
185 186 3 0
186 187 1 0
187 188 6 0
188 189 3 0
189 190 3 0
190 191 4 0
191 192 4 0
192 193 7 0
193 194 9 0 0
194 174 8 0 0
174 195 5 0
195 196 9 0
196 197 1 0
197 198 5 0
198 199 4 0
199 200 9 0
200 201 3 0
201 202 6 0
202 203 3 0
203 204 4 0
204 205 5 0
205 206 3 0
206 207 4 0
207 208 8 0
208 209 5 0
209 210 3 0
210 211 3 0
211 212 4 0
212 213 6 0
213 214 3 0
214 215 9 0
174 216 2 0
216 217 4 0
217 218 2 0
218 219 2 0
219 220 1 0
220 221 2 0
221 222 2 0
222 223 3 0
65 224 6 0
224 225 3 0
225 226 7 0
226 227 5 0
227 228 2 0
228 229 4 0
229 230 4 0
230 231 4 0
231 232 2 0
232 233 4 0 0
233 133 3 0 0
133 234 10 0
234 235 4 0
235 236 6 0
236 237 8 0
237 238 2 0
238 239 6 0
239 240 2 0
240 241 6 0
241 242 4 0
242 243 5 0
243 244 3 0
244 245 4 0
245 246 4 0
246 247 5 0
247 248 2 0 0
248 117 8 0 0
117 249 4 0
249 250 4 0
250 251 4 0
251 252 9 0
252 193 7 0
174 253 4 0
253 254 5 0
254 255 9 0
255 256 8 0
256 257 5 0
257 258 4 0
258 259 6 0
259 260 4 0
260 261 7 0
261 262 2 0
256 263 8 0
263 264 6 0
264 265 9 0
266 267 5 0
267 268 3 0
268 269 3 0
269 270 3 0
270 271 4 0
271 272 5 0
272 273 2 0
273 274 3 0
274 275 3 0
275 276 7 0
276 277 2 0
277 278 3 0
278 279 6 0
280 281 4 0
281 282 2 0
283 284 0 0
284 285 5 0
285 286 3 0
286 287 4 0
287 288 4 0
288 265 3 0
265 289 1 0
289 290 2 0
290 291 3 0
291 292 5 0
292 293 1 0
293 294 1 0
294 295 5 0
295 296 3 0
296 279 4 0
279 204 9 0
204 297 4 0
297 298 3 0
298 299 5 0
299 280 4 0
280 300 5 0
300 301 2 0
301 302 5 0
302 303 3 0
305 306 5 0
306 307 5 0
307 308 2 0
308 309 2 0
309 310 2 0
310 311 3 0
311 312 3 0
312 313 3 0
313 314 6 0
314 304 4 0
304 315 5 0
315 316 4 0
316 317 2 0
317 318 5 0
318 319 4 0
319 320 2 0
320 321 3 0
321 322 1 0
322 303 2 0
303 323 3 0
323 324 4 0
324 325 3 0
325 326 3 0
326 247 5 0
327 328 6 0
328 329 3 0
329 330 1 0
330 331 3 0
331 332 6 0
332 333 3 0
333 334 3 0
334 335 3 0
335 232 3 0
65 336 4 0 0
336 337 6 0 0
337 338 8 0
338 339 2 0
339 340 3 0
340 341 5 0
341 329 2 0
329 342 3 0
342 343 3 0
343 344 2 0
344 345 6 0
345 346 6 0
346 347 2 0
347 348 4 0
348 349 4 0
349 350 3 0
350 351 2 0
351 352 5 0
352 353 2 0
353 354 1 0
354 355 2 0
355 356 4 0
356 357 3 0
357 358 2 0
358 359 3 0
359 360 1 0
360 361 2 0
361 362 5 0
362 363 1 0
363 364 4 0
364 365 1 0
365 366 2 0
366 367 3 0
367 368 2 0
368 369 3 0
369 304 6 0
33 32 4 0 0
32 370 4 0
370 371 1 0
371 372 7 0
372 373 2 0
373 374 2 0
374 375 4 0
375 376 9 0
376 377 3 0
377 378 5 0
378 379 3 0
379 380 3 0
380 381 1 0
381 382 2 0
382 383 2 0
383 384 5 0
384 65 10 0
337 385 8 0
385 386 5 0
386 327 5 0
327 387 7 0
387 388 3 0
388 389 4 0
389 390 2 0
390 391 4 0
391 392 5 0
392 393 2 0
393 394 4 0
394 395 2 0
395 396 4 0
396 397 2 0
397 398 4 0
398 399 5 0
399 400 4 0
400 401 3 0
401 402 3 0
402 403 5 0
403 404 3 0
404 405 2 0
405 406 2 0
406 407 3 0
407 408 2 0
408 409 2 0
409 410 5 0
410 411 4 0
411 305 3 0 0
305 412 5 0
412 413 6 0
413 414 9 0
414 415 6 0
415 416 9 0
416 215 6 0
417 418 2 0
418 419 6 0
419 420 3 0
420 421 3 0
421 422 2 0
422 423 4 0
423 424 6 0
424 425 10 0
425 426 5 0
426 427 4 0
427 428 4 0
428 429 8 0
429 430 6 0
430 431 6 0
431 432 6 0
432 433 4 0
433 434 4 0
434 435 6 0
435 436 3 0
436 437 5 0
437 391 3 0
417 438 3 0
438 439 6 0
439 440 6 0
440 441 4 0
441 442 5 0
442 443 5 0
443 444 3 0
444 445 3 0
445 446 3 0
446 447 3 0
447 448 3 0
448 449 4 0
449 404 5 0
450 451 7 0
451 452 4 0
452 453 7 0
453 454 11 0
454 455 8 0
455 456 8 0
456 457 3 0
457 458 4 0
458 411 5 0
459 450 9 0
460 461 5 0
461 462 5 0
462 463 3 0
463 464 1 0
32 371 5 0
371 466 2 0
466 467 2 0
467 468 3 0
468 469 3 0
469 470 1 0
470 471 3 0
471 472 5 0
472 473 4 0
473 474 5 0
474 475 10 0
475 465 6 0
465 476 8 0
476 477 6 0
477 478 7 0
478 479 10 0
479 480 9 0 0
480 481 4 0
481 482 5 0
482 483 6 0
483 484 6 0
484 485 5 0
485 486 5 0
486 487 3 0
487 488 2 0
488 489 5 0
489 490 4 0
490 491 5 0
491 492 3 0
492 493 8 0
493 494 10 0
494 495 5 0 0
495 496 2 0 0
496 497 6 0 0
497 498 4 0 0
498 499 3 0
499 500 7 0
500 501 3 0
501 502 5 0
502 503 3 0
503 504 7 0
504 505 5 0 0
505 506 8 0 0
506 507 6 0 0
494 508 1 0
508 509 3 0
509 510 3 0
510 511 2 0
511 512 3 0
512 513 4 0
513 514 3 0
514 515 2 0
515 418 7 0
418 417 2 0
417 516 6 0
516 517 2 0
517 518 3 0
518 519 4 0
519 520 4 0
520 521 9 0
521 522 2 0
522 523 6 0
523 450 4 0
450 524 3 0
524 525 7 0
525 526 3 0
526 527 6 0
527 528 6 0
528 529 5 0
465 530 9 0
530 531 8 0
531 532 3 0
532 533 5 0
533 534 2 0
534 535 6 0 0
535 536 6 0 0
536 537 9 0
537 538 8 0
538 539 8 0
539 540 8 0
540 541 5 0
541 542 2 0
536 543 5 0
543 544 3 0
544 545 8 0
545 546 1 0
546 480 4 0
465 547 8 0
547 548 5 0
548 549 2 0
549 550 6 0
550 65 9 0 0
479 551 5 0
551 552 4 0
552 553 5 0
553 554 1 0
554 555 6 0
555 556 4 0
556 550 5 0
480 557 6 0
557 558 7 0
558 559 11 0
559 560 3 0
560 561 6 0
561 562 3 0
562 563 4 0
563 564 4 0
564 565 4 0
565 566 4 0
566 567 4 0
567 568 4 0
568 569 4 0
569 570 6 0
570 571 5 0
498 572 4 0
572 573 3 0
573 574 3 0
574 575 3 0
575 576 3 0
576 577 3 0
486 578 3 0
578 579 3 0
579 580 3 0
580 581 4 0
494 582 9 0
582 583 7 0
583 584 4 0
584 585 9 0
585 586 2 0
586 581 6 0
581 587 6 0
587 588 7 0
588 589 8 0
589 590 5 0
590 591 5 0
591 592 4 0
592 593 3 0
593 327 8 0
494 594 4 0
594 595 9 0
595 596 9 0
596 597 1 0
597 598 6 0
598 599 3 0
599 600 2 0
600 601 2 0
601 602 6 0
602 603 2 0
603 604 4 0
604 605 4 0
605 606 3 0
606 571 5 0
215 607 9 0
607 608 5 0
608 609 4 0
609 610 3 0
610 611 7 0
611 529 1 0
529 612 17 0
612 613 5 0
613 614 5 0
614 615 4 0
615 616 11 0
616 617 3 0
617 618 10 0
618 619 4 0 0
619 620 3 0 0
620 621 6 0
621 622 6 0
622 623 3 0
623 624 4 0
624 625 4 0
625 626 7 0
626 627 3 0
627 504 5 0
628 629 3 0
629 630 4 0
630 631 5 0
631 632 4 0
632 633 1 0
633 504 7 0
620 634 5 0
634 635 3 0
635 636 3 0
636 637 2 0
637 638 3 0
638 639 2 0
639 640 2 0
640 641 6 0
641 642 3 0
642 628 7 0
628 643 4 0
643 644 4 0
644 645 3 0
645 646 5 0
646 647 5 0
647 648 3 0
648 649 4 0
649 650 4 0
650 651 5 0
651 652 1 0
652 653 1 0
653 654 7 0
654 655 2 0
655 656 10 0
507 657 2 0 0
657 658 2 0
658 659 1 0
659 660 2 0
660 661 3 0
661 662 3 0
662 663 4 0
663 664 3 0
664 665 3 0
665 666 4 0
666 667 8 0
667 668 3 0
668 669 3 0
669 670 3 0
670 671 6 0
671 672 9 0
672 571 9 0
657 673 3 0
673 674 7 0
674 675 5 0
675 676 4 0
676 677 3 0
677 678 2 0
678 679 5 0
679 680 3 0
680 656 2 0
656 681 4 0
681 682 6 0
682 683 3 0
683 684 9 0
684 685 2 0
656 686 7 0
35 687 3 0 0
687 688 2 0 0
688 689 5 0
689 690 2 0
690 691 2 0
691 692 4 0
692 693 1 0
693 694 2 0
694 695 3 0
695 696 5 0
696 697 2 0 0
697 698 9 0
698 699 3 0
699 700 5 0
700 701 1 0
701 702 3 0
702 703 4 0
703 704 4 0
704 705 1 0
688 706 2 0
706 707 4 0
707 708 2 0
708 709 1 0
709 710 1 0
710 711 3 0
711 712 5 0
712 713 1 0
713 714 2 0
714 715 1 0
715 716 1 0
716 717 5 0
717 718 1 0
718 719 2 0
719 720 2 0
720 721 3 0
721 696 3 0
697 722 3 0
722 723 3 0
723 724 4 0
724 725 2 0
725 726 3 0
726 727 7 0
727 728 2 0
728 729 5 0
729 730 5 0
730 731 4 0
731 732 2 0
732 733 6 0
733 734 2 0
734 735 5 0
735 736 7 0
736 737 2 0
737 738 8 0
729 739 6 0
739 740 1 0
740 741 5 0
741 742 6 0
743 744 4 0 0
744 745 2 0 0
745 746 4 0 0
746 747 5 0
747 748 6 0
748 719 4 0
746 749 5 0
749 750 4 0
750 751 5 0
751 752 5 0
752 753 4 0
753 754 2 0
754 755 10 0
755 756 3 0
756 757 5 0
757 738 6 0
738 758 9 0
758 759 2 0
759 760 8 0
760 761 4 0
761 762 5 0
762 763 5 0
763 764 5 0
764 765 3 0
766 767 5 0 0
767 768 3 0 0
768 769 7 0
769 770 1 0
770 771 1 0
771 772 4 0
772 773 9 0
773 774 3 0
774 775 3 0
775 776 3 0
776 777 10 0
777 743 2 0
743 778 2 0
778 779 3 0
779 780 3 0
780 781 8 0
781 782 10 0
782 783 10 0
783 784 4 0
784 785 6 0
785 786 4 0
786 787 5 0
787 788 7 0
788 789 12 0
789 790 6 0
790 791 7 0
791 792 2 0
792 793 7 0
793 794 9 0
794 795 6 0
795 796 7 0
796 797 4 0 0 0
797 798 9 0 0 0
798 799 5 0 0
799 800 10 0
800 801 5 0
801 802 9 0
802 803 3 0
803 804 6 0
804 805 5 0 0
805 806 7 0
806 807 4 0
807 808 2 0
808 809 6 0
809 810 6 0
810 811 6 0
811 812 10 0
781 813 7 0
813 814 2 0
814 815 2 0
815 816 4 0
816 817 4 0
817 818 3 0
818 819 8 0
819 820 3 0
820 821 3 0
821 822 3 0
822 823 3 0
823 824 4 0
824 825 2 0
825 826 2 0
826 827 4 0
827 828 3 0
828 829 2 0
829 830 6 0
781 831 11 0
831 832 4 0
832 833 11 0
833 834 7 0
834 835 3 0
835 836 6 0
836 837 10 0
837 838 5 0 0 0
838 839 5 0 0 0
839 840 6 0 0 0
824 841 7 0
841 842 3 0
842 843 7 0
843 844 6 0
844 845 3 0
845 846 6 0
846 847 2 0
847 848 3 0
848 849 3 0
849 850 5 0
850 851 3 0
851 852 1 0
852 853 2 0
853 788 4 0
783 854 9 0
854 855 2 0
855 856 2 0
783 857 8 0
857 858 10 0
858 859 12 0
859 860 8 0
860 861 2 0
861 862 2 0
862 863 7 0
863 864 8 0
864 837 5 0
789 866 7 0
866 867 5 0
867 865 5 0
865 868 4 0
868 869 4 0
869 870 3 0
870 871 5 0
871 872 6 0
872 873 3 0
873 874 1 0
874 875 5 0
875 876 3 0
876 877 5 0
877 878 4 0
878 879 3 0
879 880 2 0
880 881 8 0
881 882 4 0
882 883 8 0
884 885 5 0
885 886 5 0
886 887 4 0
887 888 3 0
888 796 4 0 0
889 890 3 0
890 891 3 0
891 892 4 0
892 888 6 0
799 893 6 0
893 894 3 0
894 895 5 0
895 896 2 0
896 897 2 0
897 898 4 0
898 899 4 0
899 900 2 0
900 901 7 0
901 902 4 0
902 903 5 0
903 904 10 0
904 905 3 0
798 906 2 0 0
906 907 5 0 0
907 908 2 0 0
908 909 2 0 0
909 910 5 0
910 911 1 0
911 912 4 0
912 913 2 0
913 914 2 0
914 915 4 0
915 916 2 0
916 917 3 0
917 883 5 0
883 918 5 0
918 919 2 0
919 920 2 0
920 921 2 0
921 922 1 0
922 923 2 0
923 924 2 0
924 925 3 0
909 926 3 0
926 927 2 0
927 928 2 0
928 929 2 0
929 930 3 0
930 931 2 0
931 932 5 0
932 933 4 0
933 934 4 0
934 935 1 0
935 936 4 0
936 937 4 0
937 938 2 0
938 939 7 0
939 940 1 0
940 941 3 0
914 942 5 0
942 943 3 0
943 944 3 0
944 945 4 0
804 946 7 0
946 947 4 0
947 948 2 0
948 949 2 0
949 950 4 0
950 951 2 0
951 952 3 0
952 953 4 0
953 954 3 0
954 955 5 0
955 956 1 0
956 957 3 0
957 958 4 0
958 959 3 0
959 905 4 0
805 998 7 0
998 999 6 0
999 1000 6 0
1000 1001 7 0
1001 1002 3 0
1002 1003 6 0 0
1003 1004 3 0 0
1004 997 7 0 0
997 1005 7 0
1005 1006 2 0
1006 1007 7 0
1007 1008 5 0
1008 1009 2 0
1009 1010 4 0
1010 1011 3 0
1011 1012 4 0
1012 1013 5 0
1013 1014 4 0
1014 1015 2 0
1015 1016 5 0
1016 1017 4 0
1017 1018 4 0
1018 1019 3 0
1019 1020 5 0
985 1021 9 0
1021 1022 11 0
1022 1023 14 0
1023 1024 8 0
1024 1025 9 0
788 1026 8 0
1026 1027 9 0
1027 1028 6 0
1028 1029 3 0
1029 1030 5 0
1030 1031 4 0
1031 1032 3 0
1032 1033 4 0
1033 1034 4 0
1034 1035 7 0
1035 1036 2 0
1036 1037 5 0
1037 1038 8 0
1038 983 6 0
984 1039 4 0
1039 1040 3 0
1040 1041 6 0
1041 1042 5 0
1042 1043 6 0
1043 1044 4 0
1044 1045 8 0
1045 1046 7 0
1046 1047 2 0
989 1048 3 0
1048 1049 4 0
1049 1050 4 0
1050 1051 4 0
1051 1052 6 0
1052 1053 5 0
1053 1054 4 0
989 1055 5 0 0
1055 1056 6 0 0
1056 1057 2 0 0
1057 1058 7 0
1058 1059 1 0
1059 1060 8 0
1060 1061 6 0
1061 1062 6 0
1062 1063 5 0
1063 1064 6 0
1057 1065 3 0
1065 1066 6 0
1066 1067 3 0
1067 1068 8 0
989 1069 6 0 0
1069 1070 8 0
1070 1071 2 0
1071 1072 2 0
1072 1073 1 0
1073 1074 8 0
1074 1075 9 0
1075 1076 6 0
1076 1077 7 0
1077 1078 5 0
1078 1079 4 0
1079 1080 5 0
1080 1047 10 0
1047 1081 9 0
1081 1082 8 0
1082 1083 4 0
1083 1084 3 0
1084 789 6 0
1069 1085 8 0
1085 1086 1 0
1086 1087 2 0
1087 1088 7 0
1088 1089 9 0
1089 1090 7 0
1090 1091 6 0
1091 1092 2 0
1092 1093 7 0
1093 1094 5 0
1094 1095 3 0
1095 1096 1 0
1096 1097 4 0
989 990 3 0
990 991 5 0
991 1098 6 0
1098 1099 4 0
1099 1100 4 0
1100 1101 2 0
1101 1102 3 0
1102 1103 6 0
1103 1104 6 0
1104 1105 3 0
1105 1106 8 0
1106 1107 8 0
1107 1108 5 0 0
1108 1109 4 0 0
1109 1110 5 0 0
1110 1111 6 0 0
1111 1112 6 0
1112 1113 6 0
1113 1114 5 0
1114 1115 4 0
1115 1116 3 0
1116 1117 3 0
1117 1118 4 0
1118 1119 6 0
1119 1120 2 0
1120 1121 7 0
1121 1122 4 0
1122 1020 7 0
997 1123 14 0 0
1123 1124 7 0
1124 1125 3 0
1125 1126 2 0
1126 1127 2 0
1127 1128 6 0
1128 1103 3 0
1123 1129 9 0
1129 1130 7 0
1130 1107 8 0
1111 1131 6 0 0
1131 1132 2 0 0
1132 1133 4 0
1133 1134 1 0
1134 1135 5 0
1135 1136 4 0
1136 1137 4 0
1137 1138 2 0
1138 1139 3 0
1139 1140 7 0
1140 1141 3 0
1141 1142 2 0
1132 1143 2 0
1143 1144 2 0
1144 1145 4 0
1145 1146 8 0
1146 1147 9 0
1111 1148 6 0
1148 1149 6 0
1149 1150 6 0
997 1151 4 0
1151 1152 5 0
1152 1153 5 0
1153 1154 5 0
1154 1155 4 0
1155 1156 4 0
1156 1157 3 0
1157 1158 4 0
1158 1159 7 0
1159 1160 2 0
1160 1161 4 0
1161 1162 5 0
1162 1115 7 0
1079 1163 5 0
1163 1164 5 0
1164 1165 10 0
1165 1166 2 0
1166 1167 7 0
1167 1168 6 0
1168 1169 8 0
1169 1170 7 0
1170 1171 2 0
1171 1172 4 0
1172 1173 5 0
1173 1097 4 0
1097 1174 4 0
1174 1175 4 0
1175 1176 4 0
1176 1177 2 0
1177 1002 4 0
1178 1179 3 0 0
1179 1180 5 0 0
1180 1181 1 0 0
1181 1182 2 0 0
1182 1183 2 0 0
1183 1184 2 0 0
1184 1185 3 0 0
1185 1186 3 0 0
1186 1187 1 0 0
1187 1188 1 0 0
1188 1189 3 0
1189 1190 2 0
1190 1191 1 0
1191 1192 2 0
1192 1193 3 0
1193 1194 2 0
1194 1195 1 0
1195 1196 1 0
1196 1197 1 0
1188 1198 4 0
1198 1199 1 0
1199 1200 3 0
1200 1201 1 0
1201 1202 3 0
1202 1203 1 0
1203 1204 1 0
1204 1205 4 0
1205 1206 3 0
1206 1207 7 0
768 1208 6 0
1208 1209 4 0
1209 1210 2 0
1210 1211 3 0
1211 1212 2 0
1212 1213 2 0
1213 1214 3 0
1214 1215 3 0
1215 1216 5 0
1216 1217 2 0
1217 1218 5 0
1218 1219 5 0
1219 1220 5 0
1220 1221 6 0
1221 1222 4 0
1222 1223 3 0
1223 1224 6 0
1224 837 10 0
840 978 10 0 0
978 1225 7 0 0
1225 1226 8 0
1226 1227 3 0
1227 1228 5 0
1228 1229 8 0
1229 1230 10 0
1230 1231 8 0
1231 1232 11 0
1232 1233 9 0
1233 1234 6 0
1234 1235 11 0
1235 1236 8 0 0
1236 1237 9 0 0
1237 1238 12 0
1237 1239 8 0
1239 1240 5 0
1240 1241 7 0
1241 1242 5 0
1242 1243 2 0
1243 1244 3 0
1244 1245 2 0
1245 1246 3 0
1246 1247 5 0
1247 1248 11 0
1248 1249 5 0
1249 1250 3 0
1250 1251 7 0
1251 1252 3 0
1252 1253 9 0
1253 1254 4 0
1254 1255 1 0
1255 1256 13 0
1256 1257 6 0
1257 1258 4 0
1247 1280 8 0
1280 1281 4 0
1281 1282 6 0
1266 1283 6 0
1284 1285 3 0
1285 1286 10 0
1286 1287 8 0
1287 1288 5 0
1288 1289 6 0
1289 1290 13 0 0
1290 1291 7 0
1291 1292 8 0
1292 1293 6 0
1293 1294 6 0
1294 1231 12 0
1235 1295 8 0
1295 1296 1 0
1296 1297 7 0
1297 1298 7 0
1298 1299 5 0
1299 1300 1 0
1300 1301 7 0
1301 1302 3 0
1302 1303 6 0
1303 1304 11 0
1304 1289 8 0
1290 1305 10 0
1305 1306 2 0
1306 1307 12 0
1307 1308 4 0
1308 1309 3 0
1309 1310 3 0
1310 1311 4 0
1311 1312 6 0
1312 985 3 0
1313 1234 8 0
1225 1314 6 0
1314 1315 4 0
1315 1316 5 0
1316 1317 5 0
1317 1318 3 0
1318 1319 4 0
1319 1320 8 0
1320 1321 2 0
1321 1322 8 0
1322 1323 5 0
1323 1324 5 0
1324 1325 2 0 0
1325 1326 3 0
1326 1327 5 0
1327 1328 4 0
1328 1329 5 0
1329 1330 7 0
1330 1331 10 0
1331 1332 2 0 0
1332 1333 3 0
1333 1334 6 0
1334 1335 2 0
1335 1336 7 0
1336 1337 9 0
1337 1338 2 0
1338 1253 5 0
1339 1340 7 0
1340 1341 9 0
1341 1342 8 0
1342 1331 5 0
1332 1343 10 0
1343 1344 9 0
1344 1345 5 0
1345 1272 7 0
1272 1346 8 0
1346 1347 6 0
1347 1348 4 0
1348 1349 7 0
1349 1350 4 0
1350 1235 6 0
1351 1339 13 0
976 1352 3 0
1352 1353 8 0
1353 1354 7 0
1354 1355 9 0
1355 1356 6 0
1356 1357 12 0
1357 1358 4 0
1358 1359 9 0
1359 1360 6 0
1360 1361 5 0
1361 1362 3 0
1362 1363 6 0
1363 1364 3 0
1364 1365 6 0
1365 1366 4 0
1366 1367 3 0
1367 1368 2 0
1368 1369 3 0
1369 1370 3 0
1370 1371 1 0
1371 1372 8 0
1372 1339 7 0
34 960 2 0
960 961 3 0
961 962 3 0
962 1373 3 0
1373 1374 4 0
1374 1375 2 0
1375 1376 2 0
1376 1377 2 0
1377 1378 4 0
1378 1379 5 0
1379 1380 3 0
1380 1381 6 0
1381 1382 6 0
1382 1383 2 0
1383 1384 5 0
1384 1385 5 0
1385 1386 4 0
1386 1387 4 0
1387 1388 5 0
1388 1389 1 0
1389 1390 2 0
1390 1391 2 0
1391 1392 2 0
1392 1393 2 0
1393 1394 2 0
1394 1395 1 0
1395 1396 3 0
1396 1397 1 0
1397 1398 4 0
1398 1399 1 0
1399 1356 4 0 0
840 1400 6 0
1400 1401 5 0
1401 1402 5 0
1402 1403 2 0
1403 1404 3 0
1404 1405 4 0
1405 1406 3 0
1406 1407 2 0
1407 1408 5 0
1408 1409 5 0
1409 1410 1 0
1410 1411 2 0
1411 1412 2 0
1412 1413 2 0
1413 1414 4 0
1414 1415 4 0
1415 1416 3 0
1416 1417 4 0
1417 1359 3 0
1356 1418 8 0
1418 1419 2 0
1419 1420 2 0
1420 1421 2 0
1421 1422 2 0
1422 1423 4 0
1423 1424 1 0
1424 1425 3 0
1425 1410 2 0
1410 1409 1 0
1409 1426 4 0
1426 1427 3 0
1427 1428 3 0
1428 1429 3 0
1429 1430 5 0
1430 1320 11 0
1359 1431 3 0
1431 1432 5 0
1432 1433 3 0
1433 1434 4 0
1434 1435 3 0
1435 1436 6 0
1436 1437 1 0
1437 1324 12 0
1325 1438 8 0
1438 1439 3 0
1439 1440 4 0
1440 1441 6 0
1441 1442 4 0
1442 1443 6 0
1443 1444 3 0
1444 1445 3 0
1445 1272 3 0
1446 1447 4 0 0
1447 1448 1 0 0
1448 1449 3 0 0
1449 1450 2 0
1450 1451 2 0
1451 1452 2 0
1452 1453 3 0
1453 1454 2 0
1454 1455 1 0
1455 1456 2 0
1456 1457 4 0
1457 1458 2 0
1458 1459 2 0
1459 1460 2 0
1460 1461 2 0
1461 1462 3 0
1462 1463 4 0
1463 1464 2 0
1464 1465 2 0
1465 1466 3 0
1466 1467 2 0
1467 1468 4 0
1449 1469 2 0
1469 1470 3 0
1470 1471 1 0
1471 1472 2 0
1472 1473 3 0
1473 1474 2 0
1474 1475 3 0
1475 1476 4 0
1476 1477 3 0
1477 1478 1 0
1478 1479 2 0
1479 1480 2 0
1480 1481 3 0
1481 1482 3 0
1482 1483 3 0
1483 1484 7 0
1485 1486 7 0
1486 1487 2 0
1487 1488 3 0
1488 1489 4 0
1489 1490 6 0
1490 1491 2 0
1491 1492 2 0
1492 1493 6 0
1493 1494 2 0
1494 1495 8 0
1495 1496 8 0
1496 1497 10 0
1497 1498 10 0
1498 1499 9 0
1499 1500 6 0
1500 1501 6 0
1501 1502 6 0
1502 1503 4 0
1503 1504 6 0
1504 1505 4 0
1505 1506 6 0
1506 1507 6 0
1507 1508 3 0
1508 1509 8 0
1509 1510 10 0
1510 1511 8 0
1511 1512 6 0
1512 1513 5 0
1497 1514 9 0
1514 1515 7 0
1515 1516 4 0
1516 1517 10 0
1517 1518 11 0
1518 1519 3 0
1519 1520 6 0
1500 1521 5 0
1521 1522 4 0
1522 1523 4 0
1523 1524 3 0
1524 1525 3 0
1525 1526 5 0
1526 1527 4 0
1527 1528 3 0
1528 1399 8 0
1504 1529 10 0
1529 1530 4 0
1530 1531 7 0
1531 1532 4 0
1532 1533 6 0
571 1534 2 0
1534 1535 7 0
1535 1536 8 0
1536 1537 3 0
1537 1538 5 0
1538 1539 5 0
1539 1540 8 0
1540 1541 13 0
1541 1542 1 0
1542 1543 13 0
1543 1544 10 0
1544 1545 7 0
1545 1546 3 0
1546 1509 11 0
1509 1547 10 0
1547 1548 4 0
1548 1549 7 0
1549 1550 8 0
1550 1551 7 0
1551 1552 3 0
1552 1359 7 0
1553 1554 1 0
1554 1555 1 0
1555 1556 1 0
1556 1557 1 0
1557 1558 1 0
1558 1559 1 0
1559 1560 1 0
1560 1561 1 0
1561 1562 1 0
1562 1563 2 0
1563 1564 2 0
1564 1565 1 0
1565 1566 1 0
1566 1567 2 0
1567 1568 3 0
1568 1569 1 0
1570 1571 1 0
1571 1572 1 0
1572 1573 1 0
1573 1574 1 0
1574 1575 1 0
1576 1577 1 0
1577 1578 0 0
1578 1579 1 0
1579 1580 1 0
1580 1581 2 0
1581 1582 2 0
1582 1583 1 0
1583 1584 1 0
1584 1585 1 0
1585 1586 2 0
1586 1587 1 0
1587 1588 4 0
1588 1589 2 0
1589 1590 1 0
1590 1591 1 0
1591 1592 1 0
1592 1593 1 0
1593 1594 1 0
1594 1595 3 0
1595 1596 2 0
1596 1597 2 0
1597 1598 3 0
1598 1599 2 0
1599 1600 2 0
1600 1601 2 0
1609 1610 1 0
1610 1611 1 0
1611 1612 1 0
1612 1613 1 0
1602 1603 1 0
1603 1604 1 0
1604 1605 1 0
1605 1606 2 0
1606 1607 0 0
1607 1608 1 0
1608 1609 1 0
1609 1614 1 0
1614 1615 2 0
1615 1616 1 0
1616 1617 0 0
1617 1618 1 0
1618 1619 2 0
1619 1620 3 0
1620 1621 2 0
1621 1622 5 0
1622 1623 0 0
1623 1624 1 0
1624 775 1 0
1625 1626 1 0
1626 1627 3 0
1627 1628 3 0
1628 1629 4 0
1629 1630 1 0
1630 1631 2 0
1631 1632 2 0
1632 1633 2 0
1633 1634 2 0
1634 1635 2 0
1635 1636 2 0
1636 1637 2 0
1637 1638 3 0
1638 1639 1 0
1639 1640 2 0
525 1641 6 0
1641 1642 2 0
1645 1646 1 0
1643 1644 2 0
1644 1645 3 0
1645 1647 1 0
1647 1648 1 0
1653 1652 1 0
1535 1649 7 0
1649 1650 1 0
1650 1651 1 0
1651 1652 10 0
1652 1654 5 0
1654 1655 6 0
454 1656 2 0
1656 1657 6 0
1657 1658 1 0
699 1659 2 0
1659 1660 1 0
1660 1661 1 0
1661 1662 2 0
1662 1663 1 0
1663 1664 2 0
1664 1665 1 0
1665 1666 1 0
1667 1668 1 0
1668 1669 3 0
1670 1671 1 0
1671 1672 1 0
1672 1673 0 0
1673 1674 1 0
1675 1676 2 0
1676 1677 3 0
1678 1679 2 0
1679 1680 1 0
1680 1681 8 0
856 1682 1 0 0
1682 1683 2 0
1683 1684 1 0
1684 1685 1 0
1685 1686 1 0
1686 1687 2 0
1687 1688 1 0
1688 1689 2 0
1682 1690 1 0
1690 1691 1 0
1691 1692 2 0
1692 1693 1 0
1693 1694 1 0
1695 1696 1 0 0
1696 1697 1 0 0
1697 1698 1 0 0
1698 1699 1 0 0
1699 1700 3 0
1700 1701 1 0
1701 1702 3 0
1702 1703 2 0
1703 1704 1 0
1699 1705 1 0
1705 1706 1 0
1706 1707 5 0
1707 1708 3 0
1708 1709 3 0
1710 1711 2 0
1711 1712 2 0
1712 1713 2 0
1713 1714 3 0
1714 1715 1 0
1716 1717 4 0
1717 1718 2 0
1718 1719 2 0
1719 1720 2 0
1720 1721 2 0
1721 1722 3 0
1722 1723 2 0
1724 1725 1 0
1725 1726 1 0
1726 1727 1 0
1727 1728 1 0
1728 1729 1 0
1729 1730 1 0
1730 1731 1 0
1731 1732 1 0
1732 1733 1 0
1733 1734 1 0
1602 1735 1 0
1735 1736 1 0
1736 1737 1 0
1737 1738 1 0
1738 1739 1 0
1739 1733 1 0
1733 1740 1 0
1740 1553 1 0
1553 1741 1 0
1741 1742 1 0
1743 1744 1 0
1744 1745 1 0
1745 1746 1 0
1746 1747 1 0
1747 1748 1 0
1748 1749 1 0
1749 1750 1 0
1750 1751 1 0
1751 1752 1 0
1752 1733 1 0
1733 1753 1 0
1753 1754 1 0
1754 1755 1 0
1755 1756 1 0
1756 1557 1 0
1557 1757 1 0
1757 1758 1 0
1758 1759 1 0
1759 1760 1 0
