1 2 8
2 3 2
3 4 3
4 5 5
5 6 7
6 7 9
7 8 5
8 9 4
9 10 5
10 11 4
11 12 3
12 13 3
13 14 8
14 15 7
15 16 4
16 17 5
17 18 4
18 19 4
19 20 3
20 21 3
21 22 10
22 23 5
23 24 2
24 25 2
25 26 7
26 27 2
27 28 6
28 29 4
29 30 4
30 31 2
31 32 3
32 33 5
33 34 7
34 35 7
35 36 6
36 37 2
37 38 3
38 39 3
39 40 4
40 41 6
41 42 5
42 43 5
43 44 4
44 45 3
45 46 4
46 47 5
47 48 7
48 49 3
49 50 4
50 51 3
51 52 2
52 53 2
53 54 5
54 55 2
55 56 3
56 57 3
57 58 3
58 59 4
59 60 4
61 62 3
62 63 3
63 64 3
64 65 1
65 66 1
66 67 1
67 68 1
68 69 4
69 70 3
70 71 1
71 72 1
72 73 2
73 74 5
74 75 2
75 76 2
76 77 2
77 78 1
78 79 1
79 80 4
80 81 2
81 82 6
82 83 2
83 84 3
84 1 6
85 86 1
86 87 6
87 88 3
88 89 2
89 90 1
90 91 2
91 92 2
92 93 3
1 94 2
94 95 2
95 96 2
96 97 2
97 85 3
85 98 1
98 99 5
99 100 4
100 101 5
101 102 1
102 103 5
103 104 2
104 105 2
105 106 1
106 107 3
107 108 2
108 109 6
109 110 1
111 112 2
112 113 2
113 114 2
114 115 1
115 116 1
116 117 4
117 118 6
118 119 1
119 120 2
120 121 2
121 122 4
122 123 2
123 124 1
124 125 1
1 126 2
126 127 2
127 128 1
128 129 2
129 130 1
130 131 1
131 132 3
132 133 1
133 134 2
134 135 2
135 111 2
111 136 3
136 137 2
137 138 3
138 139 3
139 140 2
141 142 4
142 143 4
143 144 2
144 145 3
145 146 3
146 147 3
1 148 2
148 149 4
149 141 6
141 150 4
150 151 1
151 152 1
152 153 2
153 154 3
154 155 2
155 156 2
156 157 2
157 158 2
158 159 3
159 160 1
160 161 4
161 162 4
162 163 4
163 164 2
164 165 2
165 166 7
166 167 4
167 168 6
168 169 4
169 170 2
170 171 4
171 172 3
172 173 4
7 174 4
174 175 5
175 176 2
176 177 3
177 178 1
178 179 3
179 180 2
180 181 2
181 182 3
182 183 2
183 184 2
184 185 2
185 186 4
186 187 3
14 188 4
188 189 4
189 190 4
190 191 3
191 192 2
192 193 2
193 194 2
194 195 2
195 196 1
196 197 7
197 198 2
198 199 6
199 200 3
200 201 3
201 202 9
202 203 6
203 204 11
204 205 4
205 206 6
206 207 9
207 208 3
208 209 11
209 210 6
210 211 8
22 212 3
212 213 5
213 214 5
214 215 3
215 216 2
216 217 2
217 218 2
218 219 3
219 220 3
220 221 3
221 222 3
222 223 2
223 224 6
224 225 6
225 226 3
226 227 4
227 228 7
228 200 3
206 229 6
229 207 3
208 230 5
230 209 6
231 232 1
232 233 1
233 234 2
234 235 1
235 236 1
195 237 2
237 238 0
238 239 1
239 240 1
240 231 2
231 241 2
241 242 4
242 243 2
243 244 2
244 245 4
245 246 2
246 247 1
247 248 2
248 249 6
249 250 2
250 251 2
251 252 1
252 253 4
253 254 5
254 255 3
255 256 5
22 257 6
257 258 2
258 259 5
259 260 2
260 261 3
261 262 1
262 263 5
263 264 4
264 265 3
265 266 3
266 267 5
267 268 2
268 269 5
269 270 3
28 271 3
271 272 2
272 273 2
273 274 2
274 275 1
275 276 3
276 277 3
277 278 3
278 279 4
279 280 5
280 281 4
281 282 7
282 283 2
283 284 4
284 285 4
285 286 3
286 287 7
287 288 4
288 289 4
289 290 12
290 291 2
291 292 6
292 293 11
293 211 6
28 294 3
294 295 3
295 296 3
296 297 5
297 298 1
298 299 4
299 300 3
300 301 5
301 302 2
302 303 3
303 304 5
304 305 6
305 306 3
306 307 7
307 308 9
309 310 4
310 311 0
311 312 3
312 313 1
313 314 1
314 315 2
315 316 2
316 317 5
317 318 2
318 319 7
319 320 2
320 321 4
321 322 3
322 323 4
323 324 4
324 325 5
325 326 3
326 327 5
327 328 1
329 330 3
28 331 2
331 332 1
332 333 1
333 334 0
334 335 1
335 336 2
336 337 0
337 338 0
338 339 1
339 340 0
340 341 3
341 342 2
342 343 1
343 344 2
344 345 0
345 346 3
346 347 3
347 348 0
348 349 3
349 350 0
350 351 3
351 352 1
352 353 1
353 354 1
354 355 3
355 356 0
356 357 3
357 358 2
358 359 1
359 360 3
360 361 0
361 362 2
362 329 1
329 363 2
363 364 1
364 365 2
365 366 1
366 367 1
367 368 0
368 369 3
34 370 8
370 371 5
371 372 4
372 373 3
373 374 6
374 369 5
369 375 4
375 376 4
376 377 4
377 378 2
378 379 7
379 380 6
380 381 8
381 382 3
382 383 5
383 384 9
369 385 7
385 386 3
386 387 6
387 388 7
388 389 11
389 390 3
390 391 5
391 392 3
392 393 3
393 394 4
394 395 5
395 396 5
396 397 2
370 398 3
398 399 3
399 400 2
400 401 2
401 402 2
402 350 2
350 403 2
403 404 2
404 405 2
405 406 2
34 407 2
407 408 0
408 409 2
409 410 3
410 411 2
411 412 2
412 413 2
413 414 3
414 415 2
415 416 2
416 417 1
417 418 4
418 419 2
419 420 1
420 421 4
421 422 3
422 423 2
423 424 2
424 425 1
425 426 3
36 427 4
427 428 3
428 429 0
429 430 1
430 431 1
431 432 1
432 433 1
433 434 0
434 435 1
435 436 1
436 437 2
437 438 0
438 439 0
439 440 2
440 441 0
441 442 1
442 443 0
443 444 2
444 445 1
445 446 1
446 447 2
447 448 1
448 449 0
449 450 2
450 451 0
451 452 1
452 453 1
453 454 1
454 455 0
38 456 1
456 457 2
457 458 1
458 459 2
459 460 1
460 461 2
461 462 1
462 463 4
463 464 1
464 465 3
465 466 2
466 467 2
41 468 2
468 469 4
469 470 4
470 471 2
471 472 5
472 473 5
473 474 2
474 475 4
475 476 1
476 477 3
477 478 2
478 479 3
479 480 4
480 481 5
481 482 5
482 483 2
483 484 2
484 485 3
485 486 4
486 487 3
487 488 2
488 489 3
489 490 8
490 491 7
491 492 7
492 493 2
493 494 4
494 495 1
495 496 6
496 497 3
41 498 3
498 499 3
499 500 5
500 501 3
501 502 3
502 503 4
503 504 4
504 505 3
505 388 5
388 506 2
506 507 5
507 508 5
508 509 3
509 510 4
510 511 3
511 512 4
512 381 5
42 513 3
513 514 2
514 515 2
515 516 1
516 517 2
518 519 4
519 520 2
46 521 2
521 522 2
522 523 0
523 524 3
524 525 1
525 526 0
526 527 1
527 528 0
528 529 2
529 530 0
530 531 1
531 532 2
52 533 4
533 534 2
534 535 1
535 536 3
536 537 3
537 538 1
538 539 5
539 540 3
540 541 3
541 542 4
542 543 4
543 396 7
60 544 2
544 545 1
545 546 2
546 547 2
547 548 2
548 549 1
549 550 3
550 551 3
551 552 3
552 553 0
553 554 3
554 555 0
555 556 4
556 557 4
557 558 14
558 559 3
559 560 1
560 561 6
561 562 3
562 563 6
563 564 5
564 565 8
565 566 4
566 567 5
567 568 5
568 569 5
569 570 6
570 571 5
571 572 4
572 573 4
573 574 6
574 575 2
575 576 3
576 577 7
577 578 4
578 579 5
579 580 6
580 581 3
581 582 6
582 583 3
583 584 3
584 585 2
585 586 5
586 587 4
587 588 3
588 589 3
589 590 6
590 591 1
591 592 5
592 593 4
593 594 25
594 595 35
596 597 2
597 598 2
598 599 0
599 600 2
600 601 1
601 602 0
602 603 1
603 604 1
605 606 1
606 607 1
607 608 1
608 609 1
609 610 1
610 611 1
611 612 1
612 613 2
613 614 1
614 615 4
615 616 1
616 617 1
617 618 2
618 619 0
619 620 1
620 621 3
621 596 1
596 622 1
622 623 1
564 624 6
624 625 9
625 626 5
626 627 3
627 628 3
628 629 5
629 630 4
630 631 12
631 632 10
632 633 3
633 634 6
634 635 5
635 636 4
636 637 8
637 638 8
638 639 4
639 640 2
640 641 3
641 642 6
642 643 4
643 644 1
644 645 9
645 646 16
646 647 8
647 648 6
648 649 8
645 650 1
650 651 3
651 652 3
652 653 2
653 654 4
654 655 5
655 656 4
656 657 3
657 658 13
637 659 6
659 660 4
660 661 2
661 662 7
662 663 7
663 664 6
664 665 5
665 666 4
666 667 5
667 668 3
668 669 7
669 670 6
670 671 5
671 672 10
672 673 6
673 674 7
674 675 4
675 676 3
676 677 3
677 678 10
570 679 1
679 680 1
680 681 1
681 682 1
682 683 1
683 684 2
684 685 2
685 686 1
686 687 2
687 688 2
688 689 2
689 690 1
690 691 5
691 692 3
692 693 1
693 694 1
694 695 1
695 696 1
696 697 3
697 698 3
698 699 2
699 700 1
700 701 1
701 702 1
702 703 0
703 704 3
704 705 1
705 706 2
706 707 1
707 708 3
708 709 1
709 710 0
710 711 1
711 712 2
561 713 4
713 714 6
714 715 2
715 716 5
716 717 4
717 718 3
718 719 9
719 720 5
720 721 5
721 722 10
722 723 2
723 724 5
724 725 2
725 726 4
726 727 5
727 728 3
728 729 2
729 730 5
730 497 2
497 731 4
731 732 9
732 211 6
211 733 6
733 734 11
734 735 5
735 736 4
736 737 7
737 738 7
738 739 8
739 740 5
740 741 2
741 742 3
742 743 5
744 745 4
745 746 2
746 747 3
747 593 4
593 748 6
748 749 8
749 750 1
750 751 6
751 594 4
594 752 5
752 753 3
753 754 3
754 755 4
755 756 4
756 757 3
757 758 4
758 759 4
759 595 5
595 760 6
760 761 3
761 762 9
762 763 5
763 764 4
764 765 5
765 766 4
766 767 1
594 768 2
768 769 2
769 770 3
770 771 2
771 772 2
772 773 1
773 774 1
774 775 3
775 776 1
776 777 4
777 778 2
778 779 2
779 780 3
780 781 1
781 782 3
594 783 1
783 784 3
784 785 1
785 786 2
595 787 3
787 788 2
788 789 1
789 790 1
790 791 1
791 792 1
792 793 0
793 794 1
794 795 0
795 796 1
796 797 0
797 798 2
798 799 1
799 800 1
800 801 1
801 802 2
802 803 1
803 804 1
804 805 1
595 806 2
806 807 6
807 808 4
808 809 4
809 810 3
810 811 2
811 812 2
812 813 4
813 814 1
814 815 4
815 816 4
816 817 2
817 818 2
818 819 4
819 820 3
820 821 5
821 822 5
822 823 4
823 824 4
824 825 10
825 826 27
826 827 11
827 828 25
829 830 2
830 831 2
831 832 4
832 833 2
833 834 2
834 835 1
835 836 3
836 837 3
838 839 2
839 840 1
840 841 4
841 842 4
842 843 3
828 844 3
844 845 2
845 846 6
846 847 1
847 848 5
848 829 4
829 849 3
849 850 2
850 851 3
851 852 2
852 853 3
853 854 3
854 855 2
855 856 5
856 857 2
857 858 1
858 859 2
859 860 2
860 861 2
861 862 2
862 842 2
843 863 1
863 864 2
864 865 7
843 866 30
866 867 5
806 868 2
868 869 2
869 870 2
870 871 7
871 872 4
872 873 2
873 874 4
874 875 7
875 876 3
876 877 7
877 878 6
878 879 11
879 880 5
880 881 8
881 882 9
882 883 3
883 884 4
884 885 3
885 886 2
886 887 2
887 888 5
888 889 3
889 890 1
890 891 2
891 892 4
892 893 2
893 894 2
894 895 4
895 896 2
828 897 2
897 898 1
898 899 2
899 900 2
900 901 2
901 902 2
902 903 1
903 904 1
905 906 4
906 907 12
907 908 11
908 909 8
909 910 15
910 911 9
911 912 6
912 913 5
913 914 3
914 915 5
915 916 3
916 917 4
917 918 3
918 919 3
919 920 4
920 921 5
921 922 5
922 923 1
923 924 4
924 925 3
925 926 6
926 927 4
927 928 3
928 929 5
929 930 4
930 931 2
931 932 5
932 933 4
933 934 3
934 935 4
935 936 3
936 937 4
927 938 2
938 928 1
928 939 1
939 929 4
929 940 0
940 941 3
941 930 1
932 942 0
942 933 4
933 943 0
943 934 3
934 944 1
944 935 3
937 945 10
945 946 3
946 947 12
947 948 8
948 949 4
949 950 6
950 951 2
951 952 9
952 953 2
953 954 3
954 955 2
955 956 2
956 957 4
957 958 5
958 959 6
959 960 4
960 961 5
961 962 3
962 963 7
963 964 4
946 965 10
906 966 2
966 967 2
967 968 3
968 969 1
969 970 2
970 907 2
907 971 4
971 972 2
972 973 3
973 908 2
908 974 4
974 975 2
975 909 2
909 976 5
976 977 1
977 978 3
978 979 3
979 910 3
906 980 4
980 981 3
981 982 3
982 983 4
983 984 6
984 985 8
985 986 1
986 987 2
987 988 4
988 989 4
989 990 4
990 991 2
991 992 4
992 910 3
989 993 2
993 994 8
994 995 6
995 996 6
996 997 3
997 998 8
909 1000 3
1000 1001 3
1001 1002 1
1002 1003 2
1003 1004 2
1004 1005 2
1005 1006 3
1006 1007 2
1007 999 3
999 140 25
1008 1009 1
1009 1010 1
1010 1011 1
1011 1012 1
1012 1013 0
1013 1014 1
1014 1015 0
1015 1016 0
1016 1017 1
1017 1018 1
1018 1019 1
1019 1020 1
1020 1021 2
1021 1022 0
1022 1023 2
1023 1024 1
1024 1025 1
1025 1026 2
1026 1027 1
1027 1028 2
1028 1029 0
1029 1030 2
1030 1031 2
1031 1032 2
1032 1033 0
1033 1034 2
1034 1035 1
1035 1036 1
1037 1038 5
1038 1039 6
1039 1040 3
1040 1041 0
1041 1042 2
1042 1043 3
1043 1044 7
910 1045 7
1045 1046 3
1046 1047 2
1047 1048 1
1048 1049 2
1049 1050 1
1050 1051 3
1051 1052 2
1052 1053 3
1053 1054 2
1054 1055 7
1055 1056 7
1056 1057 7
1057 1058 7
1058 1037 1
1059 1060 8
1060 1061 5
1061 1062 10
1062 1063 16
1044 1064 33
1064 1065 5
1065 1066 7
1066 1067 7
1067 1068 5
910 1069 2
1069 1070 4
1070 1071 1
1071 1072 2
1072 1073 2
1073 1074 1
1074 1075 3
1075 1076 1
1076 1077 1
1077 1078 1
1078 1079 2
1079 1080 2
1080 1081 1
1081 1082 2
1082 1083 2
1083 1084 2
1084 1085 1
1085 1086 1
1086 1087 1
1087 1088 3
1070 1089 2
1089 1090 4
1090 1091 2
1091 1092 2
1092 1093 1
1093 1094 1
1094 1095 3
1095 1096 1
1096 1097 1
1097 1098 4
1098 1099 1
1099 1100 2
1100 1101 1
1101 1102 1
1102 1103 1
1103 1104 1
1104 1105 3
910 1108 4
1108 1109 3
1109 1110 3
1110 1111 4
1111 1112 2
1112 1113 2
1113 1114 3
1114 1115 6
1115 998 7
998 1116 5
1116 1117 5
1117 1106 7
1106 1107 23
1107 1118 7
1118 1119 11
1120 1121 4
1121 1122 10
1122 1123 3
1123 1124 4
1124 1125 7
1125 1126 2
1126 1127 7
1127 1128 2
1128 1068 11
953 1129 2
1129 1130 5
1130 1131 6
1131 1132 4
1132 1133 6
1133 1134 4
1134 1135 6
1135 1136 3
1136 1137 4
1137 1138 4
1138 1139 4
1139 1140 3
1140 1141 4
1141 1120 5
1120 1142 4
1142 1143 6
1143 1144 4
1144 1145 3
1145 1146 3
1134 1147 1
1147 1148 2
1148 1149 2
1149 1150 2
1150 1151 3
1151 1152 3
1152 1153 2
1153 1154 0
1140 1155 2
1155 1156 2
1156 1157 1
1157 1158 3
1158 1159 2
1159 1160 1
1160 1161 2
1161 1162 2
1162 1163 1
1163 1164 2
1164 1165 2
1165 1166 2
1153 1167 24
948 1168 1
1168 1169 1
1169 1170 1
1170 1171 1
1171 1172 2
1172 1173 1
1173 1174 1
1174 1175 1
1175 1176 0
1176 1177 1
1177 1178 1
1179 1180 4
1180 1181 4
1181 1182 4
1182 1183 3
1183 1184 2
1184 1185 3
1185 1186 3
1186 1187 5
1187 1188 2
1188 1189 6
1189 1190 2
1190 1191 2
1191 1192 2
1192 1193 2
1193 1194 3
1194 1195 3
1195 1196 1
952 1197 1
1197 1198 2
1198 1199 2
1199 1200 1
1200 1201 5
1201 1179 5
1179 1202 2
1202 1203 4
1203 1204 3
1204 1205 2
1205 1206 2
1206 1207 2
1207 1208 3
1208 1209 2
1209 1210 4
937 1211 6
1211 1212 5
1212 1213 5
1213 1214 2
1214 1215 3
1215 743 7
743 1216 7
1216 1217 4
1217 1218 5
1218 1219 6
1219 1220 5
1220 1221 3
1221 1222 7
1222 1223 7
1223 1224 7
1224 1225 5
1225 1226 7
1226 1227 8
1227 1228 5
1228 1229 17
1229 1230 5
1230 1231 5
1231 1232 4
1232 1233 4
1233 1234 6
1234 1235 3
1235 1236 6
1236 1237 3
1237 1238 9
1238 1239 4
1239 1240 3
1240 649 1
649 1241 3
1241 648 5
648 1242 4
1242 647 2
647 1243 3
1243 646 5
646 1244 4
1244 1245 3
1245 1246 7
1246 645 2
651 1247 5
1247 1248 3
1248 1249 3
1249 1250 3
1250 1251 5
1251 1252 5
1213 1253 16
1253 1254 19
1254 206 14
1221 1255 4
1255 1256 3
1256 1257 5
1257 1258 4
1258 1259 7
1259 1260 2
1260 1261 7
1261 1262 3
1262 1263 2
1263 1264 2
1264 1265 8
1265 1266 4
1266 1267 2
1267 1268 3
1268 1269 5
1269 1270 3
1270 1271 4
1271 1272 2
1272 1273 3
1273 1274 3
1274 1275 4
1275 1276 5
1276 1277 3
1277 1278 3
1278 1279 4
1279 1280 7
1280 1281 7
1281 1282 7
1282 1283 9
1283 649 2
1225 1286 2
1286 1287 4
1287 1288 3
1288 1289 2
1289 1290 2
1290 1291 3
1291 1292 1
1292 1293 3
1293 1294 4
1294 1295 3
1295 1296 0
1296 1297 1
1297 1298 2
1298 1299 1
1299 1300 2
1300 1301 2
1301 1302 0
1302 1303 1
1303 1304 1
1304 1305 2
1305 1306 1
1306 1307 1
1307 1308 2
1308 1309 1
1309 1310 3
1310 1311 2
1311 1312 0
1312 1313 1
1313 1314 2
1314 1315 2
1315 1316 2
1316 1317 1
1317 1318 0
1318 1319 6
1319 1284 2
1284 1285 2
1285 1320 9
1236 1321 1
1321 1322 7
1322 1323 4
1323 1324 2
1324 1325 2
1325 1326 3
1326 1327 5
1327 1328 4
1328 1329 4
1329 1330 4
1330 1331 2
1331 1332 4
1332 1333 1
1333 1334 3
1334 645 4
649 1335 2
1335 1336 5
1336 1337 5
1337 1338 2
1338 1339 1
1339 1340 3
1340 1341 1
1341 1342 1
1342 1343 1
1343 1344 4
1344 657 6
1250 1345 9
1345 1346 4
1346 1347 4
1347 1348 6
1348 1349 3
1349 1350 2
1350 1351 3
1351 1352 4
1352 1353 2
1353 1354 2
1354 1355 3
1355 1356 2
1356 1357 4
1357 1358 2
1358 1359 3
1359 1360 3
1360 1361 2
1361 1362 4
1363 1364 6
905 1365 3
1365 1366 5
1366 1367 2
1367 1368 3
1368 1369 6
1369 1370 7
1370 1371 4
1371 1372 3
1372 1373 3
1373 1374 5
1374 1363 6
1363 1375 2
1375 1376 12
1376 1377 6
1377 1378 6
1375 1379 6
1379 1380 4
1380 1381 5
1381 1382 5
1382 1383 5
906 1366 11
1366 1384 4
1384 1385 6
1385 1386 4
1386 1387 2
1387 1388 2
1388 1389 4
1389 1390 2
1390 1391 3
1391 1392 2
1392 976 7
1364 1393 3
1393 1394 3
1394 1395 1
1395 1396 5
1396 1397 4
1397 1398 5
1398 1399 1
1399 1400 6
1400 1401 1
1401 1402 6
1402 995 1
1364 1403 4
1403 1404 2
1404 1405 5
1405 1406 3
1406 1407 1
1407 1408 5
1408 1409 7
1409 1410 6
1410 1411 4
1411 1412 10
1412 1413 3
1414 1415 2
1415 1416 3
1416 1417 4
1417 1418 4
1418 1419 1
1419 1420 3
1420 1421 4
1421 1422 5
1422 1423 3
1423 1424 6
1424 1425 7
1425 1426 3
1426 1427 10
1427 1428 11
1428 1429 13
1429 1430 7
1430 1431 10
1431 1432 9
1432 1433 4
1433 1434 4
1434 1435 7
1435 1436 4
1436 1437 6
1437 1438 4
1438 1439 7
1439 1440 3
1440 1441 2
1441 1442 10
1442 1443 7
1444 1445 10
1445 1446 10
1446 1447 10
1435 1448 10
1448 1444 10
1444 1449 10
1449 1450 10
1451 1452 1
1452 1453 2
1453 1454 1
1454 1455 5
1455 1456 2
1456 1457 2
1457 1458 2
1458 1459 3
1459 1460 3
1460 1461 3
1461 1462 3
1462 1463 2
1463 1464 2
1464 110 5
110 1414 11
1414 1465 4
1465 1466 3
1466 1467 5
1467 1468 4
1468 1469 4
1469 1470 2
1470 1471 3
1471 1472 3
1472 93 4
93 1473 2
1473 1474 1
1474 1475 2
1475 1476 2
1476 1477 6
1477 1478 2
1478 1479 4
1479 1480 3
1480 1481 3
1481 1482 3
1482 1483 5
1483 1484 3
1484 1485 4
1485 1486 6
1486 1487 5
1487 1488 7
1488 1489 5
1489 270 8
1470 1490 2
1490 1491 2
1491 1492 2
1492 1493 3
1493 1494 3
1494 1495 2
1495 1496 3
1496 1497 3
1497 1498 3
1498 1499 2
1499 1500 1
1500 1501 2
1501 1502 7
1502 1503 2
1503 1426 8
1431 1504 4
1504 1505 2
1505 1506 4
1506 1507 4
1507 1508 3
1508 1509 2
1509 1510 3
1510 1511 1
1431 1512 4
1512 1513 2
1513 1514 4
61 63 6
63 1515 5
1515 906 4
1516 1517 1
1517 1518 1
1518 1519 2
1520 1521 3
906 1011 2
1011 1522 1
1522 905 1
905 1523 2
1523 1524 1
1524 1525 2
1525 1526 2
1526 1527 1
1527 1516 2
1516 1528 2
1528 1520 2
1520 1529 3
1530 1531 2
1531 1532 6
1532 1533 9
1521 1534 6
1534 1535 3
1535 1536 2
1536 1537 4
1537 1530 4
1530 1538 2
1538 1539 3
1539 1540 4
1540 1541 4
1541 1542 7
1542 1543 3
1543 1544 2
1544 1545 3
1545 1546 6
1546 1547 6
1547 1548 4
1548 1549 9
1529 1550 2
1550 1551 2
1551 1552 4
1552 1553 2
1553 1554 3
1554 1555 2
1555 1556 4
1556 1557 4
1557 1558 3
1558 1559 6
1559 1560 3
1560 1561 3
1561 1562 6
1562 1563 2
1563 1564 3
1564 1565 4
1565 1566 4
1566 1567 2
1567 1568 6
1568 1569 2
1570 1571 8
1571 1572 3
1572 1414 6
1519 1573 3
1573 1574 1
1574 1575 3
1575 1576 3
1576 1577 4
1577 1570 3
1570 1578 5
1578 1579 2
1579 1580 2
1580 1581 3
1581 1582 3
1582 1583 5
1583 1584 6
1584 1585 6
1585 1586 4
1586 1587 9
1587 1588 3
1588 1589 8
1589 1590 6
1590 1591 11
1523 1592 1
1592 1593 2
1593 1594 3
1594 1595 4
1595 1596 2
1596 1597 2
1597 1598 4
1598 1599 6
1599 1600 6
1600 1601 2
1601 1602 5
1602 1603 2
1603 1604 5
1604 1605 5
1605 1606 2
1606 1607 1
1607 1608 1
1608 1609 5
1610 1611 1
1611 1612 1
905 1613 4
1613 1614 1
1614 1615 3
1615 1616 1
1616 1617 2
1617 1610 1
1610 1618 2
1618 1520 5
1612 1619 8
1619 1620 4
1620 1621 5
1621 1622 3
1622 1623 5
1623 1624 5
1624 1533 3
1530 1625 6
1625 1626 3
1626 1627 3
1627 1628 3
1552 1629 2
1629 1630 2
1630 1631 3
1631 1632 3
1632 1633 4
1633 1628 4
1628 1634 5
1634 1635 3
1635 1636 2
1636 1637 4
1589 1638 8
1638 1639 2
1639 1640 4
1640 1641 4
1641 1642 5
1642 1643 1
1643 1644 3
1644 1645 5
1645 1646 9
1527 1453 3
1453 1647 2
1647 1648 1
1648 1649 2
1649 1650 2
1650 1651 1
1651 1652 2
1652 62 1
